0.0308313789472183,0.00885259152743167,0.00695078074837441,0.0200660871442866,0.0268555637333614,0.0394012868113759,0.0650796195761511,6.44852164208951e-05,0.000175942761367298,0.0689455909423901
0.014427653321698,0.0509572666240279,0.021825895538129,0.00294762580653538,0.0427514806473984,0.0051397938384267,0.00859633623669647,0.0178141914504453,0.0110372466576968,0.00923108043026074
0.001916305573095,0.000763977941088649,0.00466952121584403,0.00145430141017708,0.00231038576646237,0.0016902437148555,0.00133938612094157,0.000130018053783509,0.00347509046933127,0.00178287355169221
0.0289008193878275,0.0371448491827796,0.00224874027875612,0.0036796567958012,0.0176431491828173,0.00133634081797136,5.65298352805463e-05,0.0244716938492227,0.00100540558723978,0.0030316189458663
0.0165820128606822,0.00414527374398966,0.0666190236524288,0.0538791409399304,0.00697142551873229,0.0042225004907389,4.45169188444264e-05,0.0240792851152404,0.0107891285610875,0.00194981632558567
0.0115171482502151,0.00207398842435099,0.00752242575714317,0.0025666267709261,0.000738933719274114,0.00443649358808384,0.00779614254997963,0.00552851159223367,0.0211470885626885,0.000668081662952615
0.0131897631146513,0.00385001597448236,0.0488789927373242,0.0275116241422763,0.00754280706122025,0.0212639365493041,0.00284978564248136,0.0201479094699033,2.63988294671486e-05,0.00776690844296568
0.00926544796324288,0.000974384348040191,0.000372391063768987,0.00396809819406872,0.00712870427013825,0.0113798830326964,0.0160153482515657,0.0138339946775185,0.00990630973295301,0.0120821636872036
0.0157558488617206,0.00046616157983095,0.011822862993189,0.0311027011773405,0.0105543666184783,0.0136125309119183,0.000627466154370448,0.0256070353763222,0.000916093535478993,0.00361661863444169
0.0125557087656784,0.0117436400250803,0.00134264779652432,0.0106934822010081,0.0150050614789673,0.0255026020108898,3.3056897169051e-05,0.000440347968990982,0.0456605057968288,0.0208509765343571
0.00229313919661139,0.000456211538328658,0.00236037711701813,0.0025557876665321,0.00167371913810017,0.00237294890276368,0.000900981537344169,0.0013970953112693,0.00353877119300293,0.00192607905978087
0.00287855270227999,0.000799738575387861,0.00892225510665945,0.00235536323577175,0.00145425731819097,0.000441247652324147,0.00665555863950347,0.00991140219820575,0.000144291079427515,0.00476385855719012
0.00426223407402795,0.00154972399411566,0.00036602130269649,0.000497571240878056,0.00263011083798461,0.000818703259855604,0.00276401261054596,0.0015047568625686,0.0035232207316749,0.00109725974945118
0.000235594446704688,0.0139297564976622,0.0111200236109861,0.00549956433671025,0.00402509853588157,0.000383542869432863,0.000100776255914842,0.00815000725763722,0.00375887326953148,0.0044877295307109
0.00269301988338179,0.00332232743788542,0.00381619323712872,0.00101268461465346,0.00193932065413773,0.000365676305674489,0.00072840112497036,0.00336143953206742,3.37401706713315e-05,0.00276380950248128
0.00229358837693622,0.00176710723028584,0.00216167626353371,0.00177649758599296,0.00284949649291912,0.00442248951606218,0.00248400438536406,0.0050603241736246,0.000309829816979498,0.00414089248241184
0.0033770725654285,0.00191412415357483,6.71137066372602e-05,0.00066960271703088,0.0631987157052587,0.00792070856890905,0.0248059110637383,0.0257596243005155,0.0352767528810482,0.00452341010155983
0.000219510417096978,0.00250997767782173,0.00167205511012289,0.000828183195280196,0.00120907639150523,0.00318314433978259,0.00432759744694317,0.00291263708465508,0.000189734443283075,0.00482009588057039
0.00354808114567198,0.00387745303797195,0.00277499868926818,0.00312685920337495,0.00374333652406368,0.004524914710097,0.00289786211923076,0.0021273834078793,0.00273600315233477,0.000420254488241568
0.00544453600025728,0.00405408316146806,7.53364465568744e-05,0.00135389464009317,0.00362182822853213,0.00912973495403435,0.0218150909753656,0.00338677281641016,0.00473216797180646,0.000565224889678007
0.0153999858523908,0.00395099090392536,0.00937079164544091,0.000106562280436917,0.00292736066613537,0.0159767675539175,0.0190771140832127,0.00304971256051038,0.0020330468321203,0.00182162435704898
0.00406231485299318,0.0008129444001781,0.000875885361897584,0.00426225138787256,0.00261843212675183,0.00204674455786216,0.00362140196355852,0.00395933883491988,0.000455123626044168,0.0030754463534061
0.00311551606039122,0.00419378079544846,0.00502004558665927,0.00281765660299015,0.00145396475608447,0.00160580142019899,0.00574530829778973,0.0149081108657943,0.0083731964784391,0.000458238403760898
0.00204781120375515,0.000104775555371988,0.00218089371880515,0.00030814682610073,0.000975273303131083,0.00200499266172914,0.00214701420190526,0.00277685339639604,0.00402316676621152,0.00274622299213266
0.00245189114718603,0.000857563312499232,0.00261941899876781,0.00133041060300669,0.00348179120638964,0.00155075044445903,0.00127500280848245,0.00514274455554636,0.00498530448501671,0.00151029546932979
0.00561855509630462,0.012138226214046,0.00388100760643563,0.0164219018787629,0.00518154097788978,0.0172975159225316,0.0186782592774331,0.00019939876692899,0.00926501942222014,0.00276983220761234
0.00332407736596951,0.00506697928568579,0.00252453626034341,0.00294133661506527,0.00249175834598406,0.00480768929904088,0.00126913155121104,0.00503750630295428,0.00352445316827368,0.00296185227577156
0.00353304631916214,0.000742673481442761,0.00249069191685547,0.000581036195333845,0.000179890000513315,0.00158505264040553,0.0046719018621187,0.000470949310651775,0.00108060884828687,0.00459224370874959
0.00366959274328024,0.000214592815635589,0.00131923773449244,0.00476859742990154,0.00282749153579888,0.00152935721940334,0.00279148700302517,0.00351869654461472,0.000787853428991988,0.00382670003805408
0.00110134595454981,0.00119799677425536,0.000968645996067852,0.000742183177871376,0.00205181216147644,0.000741433979831251,0.000247896156396968,0.00168901845276523,0.00312738751135567,0.00212949384611279
0.000118377322964845,0.00123706167092585,0.00162892395518426,0.0032484758612127,0.000236929191691949,0.00348696704348464,0.00151213986334565,0.000299079744715853,0.00286756244289019,0.00205488270785596
0.000145680310936606,0.00240532479088741,0.00204912729929775,0.000758208365065378,0.0024357548627082,0.00202622053386448,0.000621710952805832,0.00196289809559696,0.00303961229103404,0.00496523838378164
0.000504179040129338,0.00504543739733717,0.00454189284965187,0.00511843733428204,0.00276659168370089,0.00406600970999187,0.00251202878089016,0.00213917405865323,0.00361762694311062,0.00439900631071417
0.000255290050795828,0.000512929275072581,0.00431491702512669,0.0040981279123929,0.00274738212273332,0.000444233270846916,0.000287182378341703,0.00751082252821274,0.00364271617842788,0.00650412677824082
0.00148488865669541,0.00343546644739156,0.00156836569917471,0.00371058583425629,0.000613365769010551,0.00109121307667497,0.000975192242539244,0.00269298510072939,0.0010301403431217,0.00506186614369684
0.000631889879797096,0.0028419157513682,0.000821986171359085,0.00283891062798755,0.000164308436463576,0.000781112235032822,0.00143164471178608,0.00157008747527443,0.00228464582520338,0.00390178245757347
0.00257252639688296,0.00784201612388199,0.00300451836019734,0.00690869038169495,0.00145223097490217,0.00187839046379551,0.0174350020896143,0.000474358076651227,0.000621061705750987,0.000245850950418029
0.0012919732319576,0.00340662971140784,0.00127929393847093,0.00325624546787999,0.000251934116599895,0.00431950014260431,0.00200771787873173,0.00246985114995873,0.00212441381146117,0.00483549371316889
0.00385049463424218,0.00567826545576976,0.000604465333954954,0.00296588172849327,0.0010698058503753,0.00353966856475266,0.0039833007244381,0.00318879020293187,0.00397317237753837,0.000152497178726226
0.00107135531588949,0.000754694504959194,0.00288419768829144,0.00216370295146258,0.000144111438218393,0.00145306147619308,0.000572090067302185,0.00118738637009856,0.00158023495412376,0.00322430061809295
0.00439902475670271,0.000353337717510159,0.00195792580650953,0.00314301316778459,0.00366429173368182,0.00293087002332175,0.000621300233425773,0.000609689469847315,0.00142503857011525,0.000611893862067213
0.00476641688644086,0.00428287455355681,0.00128074578686182,0.00496955129230666,0.00427232512521703,0.00383346341131575,0.00158594452559557,0.000768694531984507,0.00361419021110413,0.0022230024966403
0.000949964344890606,0.00284612874751186,0.00135436843473542,0.00105111645723624,0.000651148881160605,0.00423264379854834,0.00382486860599583,0.00296635395618159,0.00401955453688529,0.000678544139888946
0.00253533488092977,0.00190530799577414,0.000461627532766355,0.000916442812209012,0.00208102215651312,0.00136789619803639,0.0033547391345442,0.001428363024482,0.00145029695972857,0.000870177381413379
0.00372094341434376,0.00425078576969669,0.00312128433609931,0.00418538103435674,0.00092802516401804,0.00104076249101893,0.00275109733129138,0.000218079841667108,0.00244663318965924,0.0013013443033258
0.0111214644817385,0.00114906006733688,0.00558695200620973,0.00432167280495259,0.00439533525309791,0.00900100899182316,0.0114313274506241,0.0029271202599716,0.00566595520002536,0.00691808487007058
0.00401739136400239,0.00556279750769109,0.00152071601937031,0.00155305980385949,0.000302647435257467,1.45995200508406e-05,0.00105289004965841,0.000336240256175907,0.00317524097466532,0.00405479407104879
0.00421649839499536,0.00150912065929276,0.00448820330617468,0.00213428697693114,0.00309892801918381,0.00333394461441326,0.001226097495975,0.000947666986484985,0.00437089924895126,0.00115382713995335
0.0016050225956831,0.00244497569202815,0.00309126849819984,0.00238513181743539,0.00119703543912955,0.00216901894395867,0.00174344286667952,0.000468276085402382,0.00244596768282235,0.0031665156328332
0.00630354007351692,0.000632622970328227,0.0062501605929052,0.00347403444468654,0.000294628015868821,0.00230460589531709,0.0126699396472992,0.00103088428167467,0.0031296942230289,0.00160609979298944
0.00317501094468917,0.00205039821066028,0.00349214467136922,0.00385768661193577,0.0029167581600784,0.00301787461382075,0.000642070109794974,0.0032051638999401,0.00465539371309909,0.00161380164721439
0.00483911361321651,0.000252429396059458,0.000123967227203811,0.00431184515858614,0.00134397886091533,0.00313091032798412,0.00451615306350983,0.00165795638178767,0.00371651534663338,0.00382897701115722
0.00245121023896102,0.00247948611031871,0.00397443874862948,0.00428700505910459,7.69350914835367e-05,0.00474929965220116,0.000444832472934491,0.00228651693641788,0.00427543597952652,0.00506956246304545
0.00074703264740844,0.00510864735399205,7.87929509902791e-05,0.000216677783822399,0.00266118900591905,0.00291396762631246,0.00346941391931058,0.00407187262897667,0.00441078316170538,0.00126552983887592
0.00356293873753489,0.000727203252451564,0.00172177514303991,0.00137325526184272,0.00157754546715506,0.00370177648441378,0.00410250432346118,0.00209490736412211,0.000166344283847272,0.00831047773611132
0.000972247201244484,0.00288079651518844,0.00468942892717748,0.00453291234864162,0.00302414038526258,0.00410310431223753,0.00121358552695394,0.00479269059384046,0.00194906656651716,0.000819836980880583
0.00247940351522776,0.00236722000149953,0.00252603052403538,0.00142374210269017,0.00265563806379187,0.00201421779231611,0.002834776511846,0.00217720776606498,0.000471641863621039,0.000809858585811522
0.000450718817839473,0.0171526733960134,8.19118520569249e-05,0.000947211324482247,9.24163064908073e-05,0.00129472548380644,0.00351151293901744,0.00211790908386272,0.000142038176086201,0.00530648819775278
0.00439424873161327,0.00152843030675898,0.00143145516704165,0.00101870198077627,0.00233164181676548,0.00224532696899313,0.00488551985083625,0.00844818993204106,0.00339148409732312,0.0084262942591476
0.00266634242765981,0.00324132501739535,0.00269022318573661,0.00354930680664859,0.00305830739617035,0.00226500640932625,0.0031012917459122,0.00225668961504815,0.00248007750913116,0.000703283017996265
0.00442086539369925,0.00484331377606161,0.00176705415079717,0.00430671664558093,0.0046806912125869,0.00416336919563913,0.0017650892615491,0.00167826979579856,8.13334751399616e-05,0.00322534193886818
0.000123610533244251,0.00420064569786824,0.00359360909933683,0.00470301721226312,0.00142142333142834,0.000772588321392579,0.00365879746747694,0.00495795931032291,0.00490712065659094,0.00162612846963918
0.00407102491286688,0.00111285951639283,0.00262227558980011,0.000747715019866479,0.00427120394222036,0.00206099835514487,0.00330943973824483,0.00421964653901181,0.00168164549026039,0.00389908049622417
0.00490759390510787,0.00243315290543985,0.00161880015997576,0.00122727614629592,0.00472526563998557,0.00104423240522665,0.00205634205238968,0.00143582067086446,0.0035176326255646,0.00146759666727955
0.00149629723407446,0.00112101805658707,0.00395953439874516,0.00175810873397906,0.00262906552031826,0.000923273659059685,0.00450362194873466,0.00176384511501995,0.000207612501953493,0.00391745978781558
0.0035406160678048,0.00513843440940348,0.0040398640072514,0.00450479513379362,0.00117177435988425,0.00368982502632185,0.000393888387031186,0.000497536993015356,0.000901157518431001,0.00188227655870349
0.00235272374688228,0.00230505905097795,0.0013701848632462,0.00077009625643697,0.0017752698289268,0.00284671585610402,0.00185749258729425,0.00935599367180543,0.00189690717548554,0.00469112708181854
0.00309267997322041,0.00478619773711174,0.002024627324288,0.00289844280924953,0.00126291306605826,0.00199320873160086,0.000163272691132336,0.00405561895153449,0.00248013415846181,0.00370434324498161
0.00229191525988478,0.00275733551848536,0.00274459711097576,0.00033176961763778,0.00224914071835321,0.00224081969504253,0.00132201415690897,0.00336395648309434,0.00207143666358328,0.00188378837917717
0.000668667319285012,0.00462543781173065,0.000619772717144583,0.00197815491797268,0.00414337440249316,0.00257029484910567,0.00344777945574096,0.00392496086412596,0.00164523027319403,0.000166596772871472
0.000443964722332325,0.00368143164226924,0.000208620834353472,0.00116037712596211,0.0028004043829555,0.00160853641626634,0.00333590553589995,0.00178472319237029,0.00119543962487682,0.000811299839841219
0.00364718650525448,0.00184276312988314,0.00245114650847238,0.00353906394891557,0.00142355403517948,0.00363313690315751,9.04511842500859e-05,0.00188647409099969,0.00106718883194486,0.000280503371486257
0.00119465040598203,0.00236908552009836,0.00369708837742076,0.000524498755709478,0.0041470955745257,0.00239770372510405,0.00378805075744132,0.00427952731963204,0.00110934480401881,0.000690177413069625
0.00390520572670765,0.00455613214070392,0.00306995167885076,0.000579059120106588,0.00419210462047998,0.00249235913397101,0.000370069117546699,0.00168364229731354,0.00153372103449437,0.00234094822025201
1.59426975417556e-05,0.00169352459098601,0.00300884730041284,0.00241384734232456,0.00166029499045628,0.0042925944910959,0.000605930378636811,0.00284003896301114,0.00491267192882019,0.0047400707843174
0.0014075295812053,0.00216474891237123,0.000760611896660245,0.000611987082082607,0.00211086622005824,0.00267175451832182,0.00358854219234763,0.000790198820389159,0.00476466213534328,0.00103687653953416
0.00202275829345215,0.00237713565497834,0.00301264449633199,0.00306133375920596,0.00117396046431776,0.00282489763793976,0.00229596619573972,0.00271990500331637,0.0037712671952791,0.000238830362675416
0.00385081604086741,9.30259686164538e-05,0.00017173722430679,0.000922625055606059,0.00161769537478965,0.000900720026889862,0.0041376203069381,0.00274134800605298,0.00384239298216778,0.00194504519537044
0.00319580116541527,0.00490701804056914,0.00434606779509748,0.00417232065046115,0.00442166134355457,0.00329865623791883,0.00264168243668776,0.00375825632810741,0.00149787039533377,0.00124006799665342
0.00231958865564486,0.00326799121128925,0.00430256170073592,0.000829918739517171,0.00401964529627809,0.00224666270279939,0.00291359261133069,0.00363907627189019,0.00424600394328168,0.00400086457421368
0.000483053983949154,0.00431293254447395,0.00379072944673453,0.00273695157157538,0.00420558214180177,0.00296412314191378,0.00149522370492084,0.00208154494923122,0.00203272244008698,0.00330016846802082
0.00158813920899717,0.0011406408575864,0.00295978393403806,0.000343639511233022,0.000417518674270493,0.0011809635143064,0.00138843748078939,0.00309105702071935,0.000289079088801157,0.00266843740115235
0.000637718847559826,0.00346813575458868,0.00195470680129449,0.00025146914884864,0.00155578252943265,0.00103441926423485,0.00392550807201425,0.00017596560282207,0.00376156639527593,0.00313867922225379
0.000231055747068034,0.0040220445648314,0.00306886605580595,0.000906889975510224,0.00463473359983815,0.00253555095107998,0.00464431777028891,0.00155834750570412,0.00359720479106252,0.00239056395377953
0.00155105228570911,0.00278356788171954,0.000408843488684886,0.00337833837429163,0.00438191575686228,0.00262183207518786,0.00376068433816094,0.00312149582980167,0.00108573441117328,0.00443856076590904
0.000690503106972434,0.00163345044397507,0.00182424144861151,0.00126768537218096,0.00146509183503114,0.0005498335894936,4.67919406650314e-05,0.00200790317129,0.00307091695857012,0.00323197569029354
0.001173255859426,0.00304759882306196,0.00427571729455561,0.000382447602071968,0.0031807682823926,0.00416464314473686,0.00105103402449739,0.00350981595911524,0.00393558544145396,0.00193009904897712
0.00462532652713801,0.00260857449314062,0.00382583338106359,0.00232418139155703,0.00335969155798635,0.00101877813563095,0.000628282808374889,0.00262712789886881,0.0031178389842119,0.00173747247115311
0.00316011657794961,0.00529989151192427,0.00371445458431663,0.00501016413040437,0.00255516928754375,0.00284637389334689,0.00251423642577547,0.00406602024677472,0.00231406914755451,0.0014118745612313
0.0039513119064255,0.000752725877451949,0.00369851271200568,0.00191183176033863,0.00326684175994412,0.00386521406704495,0.00219810599720628,0.00505710258747934,0.00276257896105396,0.00413780593995978
0.00322505422617892,0.000475312698858813,0.00139485203252392,0.00347948708471198,0.0024841581549108,0.00245179757813165,0.00118782685720032,0.00076431716736386,0.00438423373666337,0.00287782574262944
0.000130743360815471,0.00222366427464766,0.00418108577020738,0.00438020080634175,0.0023789283403663,0.00104738696830576,0.000824015525570214,0.00105347476554015,0.00167613817349606,0.00127864716329617
0.00261520778044831,0.00246932959276984,0.00208877420520565,5.44592472761493e-05,0.00312620435537253,0.00266778944857238,0.00363864391756052,0.00211255234804329,0.00279598886843489,0.00187952995610349
0.00432723694776378,0.00213679217359884,0.000247151237191472,0.00392000377595974,0.00279582678009686,0.000529419590635451,0.00128952713175278,0.000891070884396675,0.000229319599955182,0.00113125490794031
0.00192372083104623,0.000296857658748524,0.000212685072862946,0.00339698277230396,0.0026160495615081,0.000636377113855819,0.00456265717552247,0.00483467101059145,0.00307605883456952,0.00334538974773457
0.00281069167841691,0.00134895493382491,0.00359146076650353,0.000734173358357326,0.00438790533756054,0.00260334780669626,0.00274895399180853,0.00193242739303237,0.00340207968482528,0.00413253171605403
0.0025489974874119,0.00334385608484074,0.00411584088981279,0.00131239547991185,0.00147447596519807,0.000348620867085667,0.000549335385822615,0.00411968483101257,0.00241916185721871,0.00209917200959709
0.00462310388524894,0.000316589036930588,0.00189177250605289,0.0031556265293796,0.000147516243020624,0.00333490746144106,3.1204451245605e-05,0.00427001030791347,0.00215754307990114,0.00338501188907763
0.00471075540386281,0.00404077899535493,0.00192580947834605,0.00246986126428147,0.00332597819617822,0.0025668965532112,0.00447785913057744,0.00247349017737079,0.00217485174101906,0.00399687036274117
0.00279823581220522,0.000198637989439684,0.00266339658486025,0.000422746580902457,0.00485168357465973,7.62780690550948e-05,0.00344635390625921,0.00404488715240221,0.00280183382683962,0.00258167304078591
0.00185764901854478,0.00376765761255443,0.0042264789836719,0.000937645941975262,0.00104474151101789,0.00438287994432604,0.00477323794781474,0.00269509315954567,0.00181332501717605,0.00178100592314841
0.00166430888212079,0.000500491025696815,0.00418303375813913,0.00041413837876178,0.00250670662202916,0.00222956809453988,0.0017512513813876,0.001608379332651,0.00308850868883103,0.0028342095101174
0.000128193141177705,0.00254114748416061,0.00455881336523257,0.0048249907788913,0.000243270965076947,0.00386399715505811,0.00108081816898306,0.00462656928124161,0.00357762784160841,0.00164766246351864
0.00289029402782186,0.00236309723693463,0.00290445098290511,0.000201629882154815,0.00117031705226225,0.000295150032215072,0.00107308254298558,0.00281528983801795,0.00136617716701132,0.00292355456641798
0.000875055074631343,0.00208392434205834,0.00185723961639792,0.00479755613459058,0.00428944566963627,0.00177369099066982,0.00255856882604019,0.00414946540592877,0.00472249422041152,0.00103248346492363
0.00392262965935148,0.00156574210170277,0.00282141096106437,0.00258303778019798,0.00401481242523431,0.00301317824889582,0.00211198052841579,0.00206540359927117,0.00381999641958776,0.00367607710871217
0.00275049427803483,0.0023359534240565,0.00091246483949703,0.00377155011381562,0.000104432280878108,0.00186212174659941,0.0005749762614193,0.000179533370253615,0.00446916590847517,0.00281939473932589
0.00103655935401835,0.00439780024440215,0.00299755076879734,0.00137069581653145,0.00378702381119584,0.00358345193547453,0.00361703462498113,0.00231530959559493,0.000156681235873082,0.00260745324173711
0.0041187968507587,0.00194291448628175,0.0037111646448245,0.001535391691404,0.00234204548891365,0.000962245034704049,0.000671109276651948,0.00450556676804534,0.00338530899226903,0.0018763895410058
0.00218075693534756,0.00102974800394757,0.0037754286267743,0.00217305351085754,0.000392200698116989,0.00317430482456653,0.00129565471049801,0.00315745647170423,0.00152200214105863,0.000756412504956895
0.00475973669239753,0.00298247401867399,0.00268593597712967,2.94659289268236e-05,0.000590317555663922,0.00368476990006668,0.000603734734014799,0.00443099396878909,0.00250081990505171,0.00188442081544937
0.00344828823429862,0.00311190456914558,0.00104843807620459,0.00150675877850434,0.000341334300651692,0.000917363985133373,0.000443473143545008,0.00365695242080695,0.000584011371449099,0.000513075488374778
0.00195944892138788,0.00133184106160891,0.00318102440286238,0.00417416345330433,0.00158649115040691,0.00114994720848805,0.00263808955185535,0.00459596977917787,0.00344582295584406,0.00084458437049199
0.00127448606991437,0.00151569737657906,0.00185494038897528,0.000882554043154276,0.000743595338786494,0.0033114565861856,0.000452685199869334,0.00220402451554263,0.000778523504223809,0.00313050695192745
0.00187455947906798,0.00376388960220176,0.000642382645606078,0.00135546255872019,0.00197609210646836,0.00285775955055313,0.000897173165417765,0.00228851472704849,0.00423471305636526,0.00191888980639208
0.00464673358632786,0.00124869123452601,0.00332421280152341,0.00395548663118636,0.00372565026641426,0.00202174673999878,0.00195334822522773,0.000226924573667122,0.00485419568182999,0.0012589369471871
0.00428532697571085,2.27119728920053e-05,0.00490757279416816,0.0041230285023383,0.00139776934222027,0.000104935373892936,0.00349538782603377,0.00140143237839177,0.00108012750231402,0.00243405153893312
0.00164427587857992,0.000894880137392677,0.00232311865559272,0.00367969399863542,0.00109751793693654,0.00327130076919026,0.0021638336506496,0.000652422398401344,0.00286230488564031,0.0045656362936038
0.00388085630205948,0.000835615438727454,0.00149842595494158,0.00341463677724917,0.00439785202931583,0.00299450062073721,0.0038853716581272,0.00300271446431698,0.001992358671089,0.00162320527556967
0.00421586844614083,0.00520238455641098,0.00441616366246091,0.00177243593399044,0.00287646517764534,0.00242035883874512,0.00344377689626805,0.00405518606516316,0.00152067255052266,0.00459081618554794
0.00360756842952836,0.00332404424833236,0.00276298628843766,0.00344513396989938,0.00306238138650945,0.000544195586378884,0.00426252127920798,0.00465497293040845,0.00140102465345057,0.00059107617005543
0.00338682152156023,0.00459814304882989,0.00122326526184352,0.00445194094573824,0.000923752370787082,0.00424808767134205,0.00417616206966605,0.00390223722362214,0.0023093379563548,0.00394221438806011
0.00206916899304505,0.0039310754050968,0.00454767399975298,0.00482319758032258,0.00265237198899607,0.000881157231381262,0.0042881264759534,0.00336030225381455,0.0002580731336661,0.00389316137957429
0.00310925845983537,0.000466597428562611,0.00350449981905592,0.00397065825610326,0.00122770715000696,0.000143228258155397,0.00121920492255721,0.00277761359994829,0.00216877608795381,0.00248447701122304
0.00218920239643144,4.06769924730864e-05,0.00130604114072967,0.000473605333750017,0.00114505404003178,0.00132784545437289,0.00165867060667744,0.00118119302037136,0.00398094215864026,0.00445770738028113
0.000434878694702545,0.00306329686469984,0.00475106290581843,0.00512436017413935,0.00394356317743482,0.00259494127704761,0.00402646432224766,0.00310394861242667,0.00169306961495473,0.00260193987146361
0.000586958562515032,0.00235038057586147,0.00425405719215461,0.00435395657309708,0.000213003378618554,0.00045179375616973,0.00382913082515966,0.00196115559848429,0.00150899395088384,0.00158359013475424
0.00347010853163748,0.00415876331731044,0.00216912571788741,0.0022820386641509,0.000702574341499557,0.0030051384189055,0.000367317429359266,0.00115188428349975,0.00107833036012324,0.00081962283787303
0.00432414340437951,0.00152665906627952,0.00462506204423746,0.00460399377534475,0.00442028945988254,0.00116634045138853,0.00172147490066284,0.00106409008443084,0.00382298951531619,0.00247117691428566
0.00134307688071406,0.000667396294857686,0.00145132763189309,0.00148337633907256,0.00205035709409036,0.00264210924660646,0.000850088313956554,0.00349318959901268,0.00207070409100798,0.00248777641198351
0.00329704988857907,0.00426154453464047,0.00104600014410794,0.00461511204050996,0.00298077759614746,0.00217629167288883,0.0013939010907859,0.00406838615749803,0.00354725177972634,0.00459450476797907
0.00158595574577768,0.00390524804491613,0.00438312582801835,0.00214734489119299,0.00301685413487862,0.00406208347648626,0.00212747822025482,0.00480130706897854,0.000289818129464528,0.0016468896908762
0.00112158144306218,0.00057205309174615,0.00258047871592616,0.00167130753477534,0.00180348202938418,0.00196365004668582,0.000258814861973599,0.00414764717403044,0.00374265694229351,0.00177642527969813
0.000366934951183065,0.00428788270680636,0.0039473134810235,0.00265273796972993,0.00303503934730014,0.00219700526328125,0.00332336199643029,0.00205766084803895,0.00205059074327729,0.0011983001288468
0.00391568123884708,8.69581703740619e-05,0.00290168005288809,0.00110071642356307,0.00152978216852324,0.00219613017755184,0.000212881587593698,0.00154367481832297,0.00271959581757266,0.00226981792660251
0.00119053161757745,0.00451330274351706,0.00266721706743588,0.00358137294537426,0.00264902720814591,0.00114855475218601,0.00279509084645714,0.00388363043278293,0.00420610214731975,0.00111887287167987
0.0028410704794364,0.00216361611182429,0.00199835002113517,0.000189945857061848,0.000466951104773916,0.00415316048027623,0.000671667043064888,0.00412346860378336,0.00277477469762613,0.00451462815070704
0.00480556245557466,0.0017095592988894,0.000264707585974734,0.000339435155275443,0.000333065924462152,0.000354223253028588,0.00316470560228426,0.00160052480497655,0.00390916046967393,0.00397569683604897
0.000375757964602413,0.00454680016626348,0.00285454476902396,0.00367647350240236,0.00385639078886961,0.00407678471235,0.00157421635723845,0.0021053251684114,0.00479449056684053,0.00191695116798406
0.00040047656307258,0.00381212246265631,0.00342047396695514,0.00140583519923028,0.00341356870785552,0.00134655407095271,0.00254470916344744,0.00190996747724761,0.00436107135947338,5.90832675029949e-05
0.00170326233685959,0.00441403448393746,8.71403151691279e-05,0.00220752266531418,0.000145579426666286,0.00405690525588582,0.00175010840925387,0.000988725547456846,0.00367364671571052,0.000648330997220262
0.00193299515972269,0.00143248170023589,0.00374822140539127,0.00294662065552981,0.00339351001510185,0.00122903587380825,0.00222995143304978,0.00172724183431908,0.00329603994042712,0.00166798078997198
0.00249342039253854,0.00246129272345576,0.00492321215512806,0.00228873656723272,0.00152259397272156,0.000634890438288764,0.00388391351164924,0.00303272592122893,0.00445707731742984,0.00505197508383117
0.000559178422143394,0.000491224014527667,0.00472427565706703,0.00512172077035241,0.000662826642238579,0.00246189838902302,0.00434260295332217,0.00474056567197267,0.0036366897440706,0.00252386817214809
0.00229130931520716,0.00462690626051643,0.00385312955670145,0.00354244024554664,0.00184917773422214,0.0029974915870388,0.00365130305388388,0.00355545759967976,0.00332676180745255,0.00199905848640307
0.0022445111140596,0.00260486150024292,0.000494908181987104,0.00485588022233254,0.00487487203313474,0.00196748068650266,0.00208126009037077,0.00210551264660384,0.0018512322859902,0.00336551320527414
0.00315873443097391,0.00288057610130669,0.00176272757924796,0.00204930128900393,0.00341509691495281,0.00323516177968697,0.00481851809855572,0.00465216172277771,0.00191930803427133,0.00473225084853491
0.00473020849996198,0.00161097981042832,0.00088077731636905,0.00138052968704711,0.00158769343882608,0.000940959294099615,0.0036816466926482,0.00494564370508429,0.000858383917165396,0.00303960416989709
0.00264519459950565,0.00322544403064381,0.00219441684963943,0.000261972873498808,0.00158032183066754,0.00404548140485769,0.00126979913504685,0.00257098755827487,0.00405394412263931,0.000698476614916477
0.00229935044998074,8.86546141445696e-05,0.00179927156146892,0.0022418923674284,0.000391589577739519,0.00469906864401641,0.00189625985529568,0.0037909613267258,0.000607770375645321,0.000789934174771339
0.000454174007598603,0.00226043244369915,0.00199734397256338,0.00464926741291592,0.00201725818253589,0.00295797377425933,0.0022901859114553,0.000693928088156254,0.00338370094357795,0.00360803805184614
0.00498971637539274,2.11317663662144e-05,0.00136009766574201,0.00365480050674945,0.00489666255548405,0.00216024972951054,0.00128811845929644,0.0024485812602686,0.00289234251654052,0.00466920590880279
0.00203972120731558,0.000399323654416798,0.00289124342066544,0.00161673616965253,0.00370333794441492,0.000746287228832742,0.00354722157132721,0.000752668328160224,0.00370179144781572,0.00416521036311461
0.00301279855813087,0.00230746211422182,0.00181231103518627,0.00190840568869743,0.00269279929861936,0.00481792064813657,0.00228430199228659,0.000352777727689737,0.00292505715267014,0.00198469177644567
0.00399664757573747,0.00382997605909189,0.00346119203084224,0.00124170718418346,0.0040896499419726,0.00264398840734247,0.000793440745656462,0.00514805744772845,0.00299384212530708,0.00374351348907626
6.69190157014924e-05,0.00135476280910344,0.000321559401740722,0.00500061748850186,0.00377046777491759,0.00474590259183913,0.00159418496330424,0.00113198052187706,0.00316207839661184,0.00458850501739628
0.000886140254090978,0.00150879630441797,0.00285410969121986,0.00322285411140015,0.00281954105064482,0.00390447026184229,0.004053841182451,0.00479130318527806,0.00425004514709341,5.72477864036831e-05
0.000563484724204095,0.00116635071182878,0.0032452478446087,0.00279706832843066,0.00183904771780563,0.00434489660607719,0.00105746160489776,0.00369820842651034,0.00248904578015896,0.00130423355003412
0.00178848374884393,0.00505935985552004,0.0016222883379773,0.00160159073316789,0.00212570345139387,0.00182599420445796,0.00467284180277463,0.00384905266295694,0.000544495948702655,0.00142934111677259
0.00175147060012376,0.00179312261460765,0.000202395439332241,0.00226593812516036,0.00161499287953105,0.00107132175234467,0.00256992637181513,0.00515057838561789,0.00419988420320811,0.00375238689591728
0.00337618740336813,0.0044445800898115,0.00277938887158417,0.000734487753679189,0.00468834509567661,0.00141770487881962,0.00232441788308582,0.00434691475808885,0.0037596753883105,0.00186695398280625
0.00407503854146792,0.00101271843457757,0.00271535198600345,0.00105934195842455,0.0024885516252726,0.00296442357793914,0.000455653226873848,0.00302615914616347,0.00252846811821575,0.00374702977886061
0.00353241174355787,0.0049676209993239,0.00162534233561212,0.00353376149262736,0.00149545748853944,0.00450104534855999,0.00423142328215172,0.00473673336885727,0.00296695932317737,0.00214840641261986
0.00476035974261464,0.00518243215826997,0.00223264344894633,0.00151771958886188,0.00139311190175178,0.00243180579841296,0.000677155639948219,0.00161354823599433,0.00126150644078913,0.00458986176247351
0.000640791781201146,0.00472283068212292,0.00235727594573394,0.00335105008290656,0.00362139331779258,0.00212886282828524,0.00333058632045486,0.0012803516664709,0.00236459769275494,0.00154433937718071
0.00350667513176225,0.000317992930457022,0.00452859006000627,0.00429672255106517,0.00232721735525217,7.23791124955249e-05,0.00167709589574885,0.00297492060034741,0.00087450164664088,0.00185170600520489
0.00445120648053964,0.00155813729917906,7.70510916506289e-05,0.00422772714150747,0.00368998058743676,0.00209695862818053,0.00182629299544597,0.00445794193695538,0.000933986302547639,0.00442393357038099
0.00175661395184942,0.00513280148585503,0.00266741359280889,0.000513921180775344,0.00108054476470091,0.000187744288021249,0.00396657677523237,0.000944132288623196,0.0006741509388572,0.000711711100644879
0.00100013381539662,0.00213047261916908,0.00466308456433716,0.00454316264582303,0.00400848186196453,0.00105519148086283,0.00257602936005418,0.000523116531270064,0.00130080440716608,0.00105197490799774
0.00377389716933299,0.00255251533446684,3.64277479381154e-05,0.0012315071133489,0.00400695275711141,0.000505647449560937,0.00120168588237235,0.00308610222215104,0.00285164992987698,0.00280354149824827
0.00460527029102476,0.00316176270388729,0.0011457829709999,0.00162941225625141,0.00105384542169151,0.00465760896355625,0.00417774339420736,0.00201954414727243,0.00316932752406142,0.00427419379351977
0.00294370019292532,6.23846494747297e-05,0.00444035670640696,0.000679062817865318,0.00396061763368258,6.22372179625264e-05,0.00219893449073125,0.00459279851821539,0.00268831604387867,0.00131956377182403
0.0044813092680924,0.000235255812400862,0.000652126801616774,0.00408664218774666,0.00141862334904697,0.000676594184749121,0.0037917637101533,0.000373390594480431,0.00155211952468756,0.00144744971838114
0.000691495975519784,0.00293172295076509,0.000237997993165284,0.00194074907842963,0.000164205934452407,0.000156668482903974,0.00125864187056234,0.00398973639160954,0.00209721999975322,0.00385030794798781
0.0031352926968846,0.00459711132309126,0.00379054353799539,0.00416547520762751,0.00115107732370112,0.00467962137650382,0.00455700130152601,0.000564262281600263,0.000186695987448096,0.00075327025713542
0.00698880756823782,0.00706738866880315,0.000352233568551605,0.0228849777923308,0.00590816474771078,0.0315836761470569,0.000549875911622815,0.00131345826630393,0.0255673996844502,8.4690462581428e-05
0.000102549919944271,0.00160225371270544,0.00289647928835614,0.000810896210268106,0.00275718214532227,0.00265276562489006,0.00188278915848852,0.00231761948225955,0.00486393328497063,0.00224838750347522
0.00480661608802702,0.00518038770289561,0.00423032072060832,0.000294699504018692,0.000366590957002744,0.00288076742461723,0.00474661603236893,0.00126659043811885,0.00377049092443816,0.00285271252638329
0.00369575620258441,0.00366077771594225,0.00497248685676066,0.00488318816940097,0.00488534254085381,0.00373617284001157,0.00229518321445175,0.00135110469847465,0.00299395463565874,0.00406686346004866
0.00304167324474269,0.00273258661412934,0.00439164651768638,0.00455025434445527,0.00340863856753602,0.0024476122873819,0.00310345191536016,0.00414016131302971,0.000710743918744318,0.000238672228352304
0.00452857819961706,0.00501955519396283,0.00141137551478128,0.00187781742864173,0.00318236872174685,0.0036315221521482,0.0032756957253226,0.00162600821039141,0.00437509016914884,0.00102646832691799
0.00412916009643921,0.00475245725847486,0.00424605367744263,0.000669510979479132,0.00102235798380787,0.00248951219809702,0.00437705326597878,0.000238102251565277,0.00347127774105975,0.00157999887605117
0.00467224370250269,0.00428376054692067,0.00216162048266009,0.00328228602851746,0.00373295552047075,0.0031791715409434,0.00419800656745828,0.000507805699896292,0.00413923517299723,0.00393172565762552
0.00203104520092992,0.0018912306922402,0.00320253225070926,0.00438417551386174,0.000780196810477744,0.00357169252344871,0.00387942244479021,0.00448240563336501,0.00234756371019817,0.0026826876049198
0.000652046837460699,0.00346386758602746,0.000493919682109105,0.0051239155805441,0.000544504080278204,0.000451476985100272,0.00254684471593651,0.00482213816293278,0.00121335328312229,0.00370530094652567
0.00310363162120701,0.00501822236038202,0.00223494984322529,0.0047898175915625,0.00455353851872328,0.00135925415317471,0.000305912867615847,0.00228019318479775,0.000440438673657722,0.00228677591000573
0.00269740577284257,0.0013536562425187,0.00257801629350003,0.00261332959272383,0.00032673028411366,0.00322752922416498,0.00456536923258052,0.00224747952255792,0.00321780300134638,0.000751045006590547
0.00180844817642197,0.000863692012827356,0.000879258245125503,0.000755447266298912,0.00300540265248036,0.00140229567409397,0.00444463572470291,0.000909023180018738,0.00406935668982668,0.00200211532826961
0.00240496188271704,0.00177259509609535,0.00218808731097675,0.000618915902113418,0.00264136937139241,0.00387165487460269,0.000205644933921864,0.000757539940994132,0.003405945156469,0.0051372463203726
0.00180751606041637,0.00178498259371421,0.00300411588267123,0.0044608448693141,0.00304298357372815,0.00188090463904187,0.00330798042268986,0.00427010592444849,0.00481595977559376,0.00235365247442478
0.00241446332580745,0.00253779927139219,0.00060343034996888,0.00196068041965723,0.00309344326160132,0.0015033253300534,0.00445416518424406,0.000858062086069946,0.00206163288501066,0.00125995943354548
0.00312766924019492,0.00234775211490369,0.00223925989173709,4.24515039609927e-05,0.000506569696241083,0.00251619539584792,0.00343986379667397,0.00337554804856777,0.00436792418205037,0.00113614196664727
0.00240389083701683,0.0040703623075896,0.000514977055500972,0.000668940122782423,0.00302364325647028,0.00398638445441401,0.00273013708579944,0.00247206656592475,0.00181040931658461,0.00487658542555324
0.00371109334443879,0.000219068862448871,0.000435091838629847,0.0018526418716414,0.00212191200933294,0.00203399368376462,0.00202322858449173,0.000258301393232208,0.00299687771352849,0.0017702697463132
0.0031241152289786,0.00409945435632024,0.00212377636068023,0.00269276532830788,0.00333312288399555,0.00414427430744216,0.00156602194674326,0.00282037696203194,0.00233031272597768,0.00251563293352488
0.000729142638510172,0.00150407297335642,0.00314112578020583,0.000192050408765232,0.0010531906103194,0.00191563259801367,0.00283781222460608,0.000541167622371113,0.000842939164965627,0.00326218294345414
0.00298056033300315,0.00474585009106938,0.0048296139808553,0.00506744850171763,0.0021204407313253,0.00303397868264943,0.00435776066861471,0.000852469367113892,0.0022784312689079,0.00251185192789516
0.00354768446203341,0.00236780470732557,0.00419401172939798,0.000367757087706892,0.0022411139676624,0.000653243003713939,0.000736439639914086,0.00172075402797665,0.000584505486664205,0.00176613475856393
0.0046508620109865,6.31511268985387e-05,0.00246716820311853,0.000894133647398854,0.00414676981121547,0.00158983194132884,0.00230969891519243,0.00171465418483989,0.00409052315585247,0.003124897598322
7.87522170835648e-05,0.00170934772709748,0.000626604738745088,0.0019999617473215,0.00374997883917505,0.00284600305377179,0.0036889977511224,0.0015541424575515,0.00423572602031938,0.00312025991921349
0.00481757618459171,0.00210646170286037,0.00325174468158527,0.00174385052267168,0.00468591433546519,0.00187925172264565,0.00266224971557635,0.00336111881185114,0.00189211188054194,0.00271511936721605
0.00418822053459258,0.00420007101059738,0.00494482287278397,0.00415759500044994,0.00305628534912605,0.000654119709460546,0.00281320142025827,0.000660946298191572,0.00217106859110401,0.00462200156421467
0.00416702657477865,0.000148860860628423,0.00320726144021275,0.00246233634047839,0.00227177756271316,0.00389027349330323,0.0013681540649456,0.00153565877227867,0.00447833908983557,0.00391451968237405
0.001810284558797,0.000624063426397541,0.00301451441712993,0.00427922551994438,0.00196290888398278,0.00434683891227426,0.00191979760324755,0.00377458345134062,0.0027190776186394,0.000476029672012037
0.00364613728492088,8.61190837722446e-05,0.00203343670394101,0.000764266259567777,0.00406538641820784,0.00104398832268511,0.00475130987926339,0.00222678976461703,0.00384307578592324,0.00398868474917347
0.00450026389880711,0.00273326396131726,0.00390599016432689,0.0012418590711947,0.00033150886126646,0.00188355150561219,0.000308330959693044,0.00361660720379206,0.00311428509385366,0.00193523688269914
0.000871705503348754,0.00500388111355243,0.00203097187677712,0.00388041055673024,0.00188720665527955,0.00289440582691387,0.00115564311130489,0.00444262008440804,0.00147356760280543,0.00350206846662756
3.13080416416537e-05,0.000198432914424808,0.00458156304525023,0.00142958585101261,0.000523244076309162,0.000543824907881928,0.00262051357467887,0.00057463943756812,0.00332382839952896,0.00068523794800781
0.000140031513978224,0.00391331399838442,0.00304412935664751,0.000548487066535987,0.00468166813545413,0.00340495682914618,0.001830730322175,0.00456244868851913,0.0049601723563271,0.000376346585006201
0.00411150961406385,0.00360480382083223,0.00392230718095462,0.00118300353481489,0.000278134200595886,0.00256260397587827,0.00417253486456451,0.000623742329929408,0.000328958211333096,0.00277942749851599
0.00334484839703536,0.000623509389591589,0.00058738864988516,0.00151007719607448,0.00272340826719083,0.00109212944063563,0.000462095393125813,0.00392748120468945,0.00191136833748624,0.000439308774112685
0.00196304218201105,0.00231331904798063,0.000493117335637683,0.000325537917785013,0.0023644180383763,0.00146958959367032,0.00388835047621171,0.00308519907569907,0.00151837201339306,0.000661283752039291
0.000164860343629542,0.000373902000174125,0.0039470205415512,0.000501075927414653,0.00192901123047339,0.00454016839894557,0.00427637540076213,0.00468499284385712,0.00455486306273905,0.00205317552343289
0.00329350154657263,0.00233688828653548,0.00256454372296497,0.000871402651365414,0.000328435960235769,0.00477098591703458,0.00185171048667324,0.00432554274014225,0.0012010238292814,0.00215113514669833
0.0025185749703955,0.00271429085105257,0.000712786792999941,0.00411239668454202,0.000600205865634874,0.00468794348377041,0.00458230608586905,0.00171941255762501,0.00102729682857311,0.00389456460264759
0.000327915174653991,0.00358835462649563,0.00292127671743942,0.000483806410863364,0.00110837274901665,0.00385670817161891,0.004715797345246,0.0017052844334617,0.00329876698844241,0.00473214544346682
0.00242319393852102,0.00111939856698558,0.0016340750991737,0.00108527169190933,0.00357805519623948,0.000455733832066107,0.00448053121717492,0.00118514795941733,0.0042051028392361,0.00435239211939959
7.65115563202448e-05,0.00188447121653731,0.0039391872150691,0.00439802416968188,0.00464253937067227,0.00269802375131946,0.00176842366220996,0.000296549649283018,0.00190881536631419,0.00196485930475978
0.00161030765315677,0.00523679877658433,0.00274234860601265,0.00350887048023448,0.00400077466551462,0.000851237949957657,0.00414199428458571,0.00365240411857916,0.00253786751727717,0.001042371053224
0.000413368772178892,0.00266251452545185,0.00037081164046009,0.000758678164069382,0.00195360347422091,0.0020075282489027,0.00436074900161533,0.000750052627952009,0.00429664714616242,0.00452395671233194
0.000602702959129108,0.00504370900927495,0.00287855693252106,0.00417479514520543,0.00354489758207216,0.00386004405406504,0.00113897791662798,0.00426654961163722,0.000496125179739691,0.00214149217116698
0.00115375146509892,0.00492423813066115,0.000987329699420332,0.00455315521053107,0.00123142748031507,0.0021165813171882,0.00244334037409796,0.0023312647493502,0.00225555430372258,0.00113822488719669
0.00406868548820286,0.000909766387099523,0.00233034136123448,0.00134142734612347,0.00382378688323662,0.00155922058394545,0.00172123353929755,0.00102171742107575,0.00114386142249898,0.00501759669702555
1.5395961757393e-05,0.0023946110454516,0.000166257408351191,0.00464610686645112,0.00487042086184384,0.00462193001407545,0.00435342009867362,0.00214114934739636,0.00294427158338825,0.00432645912679603
0.00227551632048452,0.00155544103724697,0.00149021151875107,0.00230580908394253,0.00250404757853094,0.00479509081672594,0.00409109718222405,0.00394777872411152,0.000582471208391184,0.000326669605096304
0.00500675773147041,0.00638041997768814,0.000174455420062666,0.00295789734078972,0.000428335678615484,0.0015616358463094,7.21378637373488e-06,0.00281622154983232,0.00222514567480787,0.00189409024943116
0.0015917980488426,0.00134513474586155,0.000706728484773748,0.0012778843113905,0.00311789610105923,0.00217271835892528,0.00140657400121527,0.00440014239072461,0.00422282463968908,0.00323397434036376
0.00119299463092126,0.00224403260767104,0.00121556807064876,0.00264940947097734,0.00274014767602338,5.43981430787351e-05,0.00417753201054413,0.00149280734742113,0.00247654450024928,0.00372423779629982
0.00321202427761975,0.00504038282359365,0.0040686110242916,0.00340780771882388,0.00344067093617623,0.00478416800271822,0.000600659991498627,0.00207273459060436,0.00201981542770396,0.00314901181998949
0.00212721481080519,0.00361315685020438,0.000902349999466903,0.00423388468653887,0.00391718924551854,0.000937526738074036,0.000743719842432289,0.00151290914272515,0.00130829128546815,0.002825247482342
0.000946771942794205,0.000307317138141994,0.00262728791770048,0.000703848656670342,0.00186278873031336,0.00184966734553477,0.0043624098683605,0.00380089028272436,0.00428581380066877,0.00608589410775447
0.00243174105783078,0.00219457781829365,0.00141183699425531,0.00256500787709618,0.00225301754089367,0.00255251862060967,0.00184540618576798,0.000470931127889446,0.0034137115807939,0.00232640924964115
0.0029761811031559,0.00397399904993549,0.000476020726842446,0.00290882665082667,0.00434568116423116,0.00325660517431456,0.00445416173546037,0.000397342524107276,0.00386727374630099,0.00387961684057435
0.00413893889966443,0.00450228750329926,0.00362583946978516,0.00428209962343713,0.000995940032571311,0.00457093323383613,0.0048306982576438,0.00106161417211853,0.00418501040547356,0.00153648668465485
0.000117536377371683,0.00385590304550745,0.00320177593087787,0.00334484151559356,0.00204518285598443,0.00227974496999524,0.000826116212918452,0.00271280223888286,0.00116345628281531,0.000680221042444111
0.000290226513835124,0.00281587761670679,0.000465020421318749,0.0016423879784184,0.00127041974809068,0.00335999158810846,0.00139282297435265,0.000150180413009428,0.000954598345374576,0.00210362890854921
0.00356512686141744,0.00326308515442429,0.00399549797710515,7.02250074268397e-05,0.00419324409101932,0.00251068353058216,0.00413939126004228,0.00430335307720085,0.000549969220090965,0.00491970093194564
0.003784150743389,0.00132759157450321,0.000491524948796606,0.00411876499896165,0.00500242837576521,0.00343992820878325,0.00151981224580171,0.0021794736889007,0.00362633029334065,0.00349395596803195
0.000714287477676663,0.00167508961946305,0.00385028638947101,0.00016399803585636,0.000522459266625218,0.00092873411258183,0.00292306576804201,0.00411164355576792,0.00280770749256432,0.00146102219088523
0.00277759923480218,0.000503449202036294,0.00491175135848038,0.00103930568938851,0.00261004980119137,0.00386042342390107,0.00196597064447528,0.000698371552905539,0.000975283244027638,0.00117546013373711
0.00117579794829042,0.000140309912140137,0.00321308857823364,0.00357686781253474,0.000944504064620773,0.0040891147580713,0.00273764559632074,0.00452275814538886,0.00373471561000515,0.00203868572499958
0.00454597199658952,0.00403029305729231,0.00280046481639766,0.000770650257415137,0.00187377582971827,0.00424473227316763,0.00137953266798205,0.00425425536613531,0.000145720166227273,0.00163831140733408
0.00330737006031689,0.00259079079959991,0.00223312314811961,0.00139683942659419,0.00338466034878216,0.00326489081547242,0.000882656822069322,0.00420324009494189,0.00194776518882352,0.00185542966408141
1.71240656899338e-05,0.00254896040776596,0.00383541350579524,0.00117526998595439,0.00137396702649387,0.00340718105209434,0.000464563985742931,0.00135184173195215,0.00383532927599962,0.00139464242286195
0.00207435317720675,0.000691325389892195,0.0034680071703733,0.00269788351276191,0.0007023492497399,0.00322413142938867,0.00310175593937337,0.00248121064129003,8.23957235265993e-05,0.00245548717355059
0.00354107027304892,0.00459605857023007,0.00329148938296043,0.00172738426975804,0.00485504957863689,0.00239624585980485,0.00146978475619585,0.00347944430521466,0.00392992464480244,4.9487123678709e-05
0.00293925553334513,0.0014066321008539,0.0023836792530165,0.00271062779083148,0.00182851379800263,0.000241252780137918,0.00161754727704009,0.00017216249797004,0.00500302590082677,0.000873669392898895
0.00282719731836751,0.00493196079734769,0.00198568205867791,0.00368157201058658,0.00466876956532387,0.00324020918322354,0.00271324083335473,0.0036685200676479,0.00274012520121086,0.00218602180493608
0.00432744960198178,5.03934511365595e-05,0.00169667287184192,0.00095965172084597,0.00174140241694647,0.00239713701022467,0.0040874694985022,0.00121848579453602,0.00199915071523505,0.00514256045823364
0.00196614606073763,0.00314726876067872,0.00490935144912349,0.0044820257017698,0.00390811172519857,0.00319764265903261,0.00378628113109315,0.00166592845870296,0.00497392769319117,0.00362024959308734
0.0026706428854651,0.00199882374599818,0.00262050353854546,0.00154931718770078,0.00265152693760617,0.00296264729459962,0.0011980688764549,0.00106469610166245,0.000680915743994018,0.00218770329474285
0.00499767413220535,0.00297023332160248,0.00103052564307289,0.00141433481465956,0.000695817759648832,0.00125550462173275,0.000837474998801672,0.0050795705102755,0.00227069099931619,0.00464046661324663
0.000386379431867792,0.00107480687694548,0.0012233535261071,0.00243831056243948,0.000552538559919268,0.00204437437267925,0.000554569891754739,0.00205233299079161,0.00380736443686586,0.00196262975011563
0.00439460973712198,0.00179223948116265,0.00286688712874691,0.000974689510497215,0.00149192011370175,0.00248859671689116,0.00125278477838839,0.00172254044068176,0.000757331048546795,0.00469476608873226
0.00417796371036534,0.00182554367366213,0.00434785865114067,0.00244818670544688,0.000974644706403727,0.000336038400094442,0.00421564539157567,0.00504251355010639,0.00469124748143733,0.00259436228344124
0.00389291124020341,0.00384729036049016,0.00440747685312223,0.00153729796603202,0.00374104078323325,0.000991680542060353,0.00149441021084681,0.000825360023231029,0.00281180341399562,0.00394270499097464
0.00490573134268756,0.0031362229624144,0.00488493566947101,0.00203957935026688,0.00380928984104001,0.00118745323513176,0.00170130107151098,0.00133305676300152,0.00133135676075645,0.00334355185910393
0.0027885466327616,0.00528665476867355,0.00330953999973268,0.000772670413088803,0.00482562092068089,0.00220251461247275,0.00251404510034127,0.000586995328434902,0.00343259473064968,0.00399568481477357
0.00165513801826757,0.000716556135250234,0.000179160688566771,0.000247902125116511,0.00334569739144188,0.00235478229787736,0.00102671442576433,0.00403333461121545,0.00433082252205869,0.00314206059632488
0.000574016525402598,0.000264971359066989,0.000115362194822685,0.00295797934379081,0.000864012836418416,0.00278036582145045,0.00145017340903658,0.000869779261667488,0.000322130786733885,0.00338789036790932
0.000764623896153576,0.00149797718086603,0.000901396874350812,0.000368028180473519,0.00443147042464662,0.00214825050132024,0.00362848294285027,0.00155946430292099,0.00214316870893886,0.00207428217090853
0.00248520395632718,0.00496015731338442,0.00480126499301214,0.0015106681941793,0.00132248566676182,0.00204827437377304,0.000160043844986185,0.00265533418138249,0.00102418148410074,0.00201702535548153
0.000593063105320997,0.00185699902566542,0.00400018825934591,0.000629696091953665,0.00485430796750695,0.0045519954012079,0.00291003986947552,0.00235389850546896,0.00101594842103772,0.00246549424372326
0.00132828999236981,0.00207702222118528,0.00186393701290636,0.00244655382529892,0.00465838616137643,0.000532486844451701,0.0011734714035016,0.00368154615494871,0.00159970759736926,0.00477841239110515
0.000205297963794996,0.00216916032264028,0.00198166169325722,0.00330371912998917,0.00276059469928977,0.00366715511094298,0.00273302951892056,0.00403645278410247,0.00444293926432515,0.00428412811439362
0.00359538848129658,0.00420776055384597,0.00160082286075052,0.00426026912717044,0.0031783057490993,0.00249892257672954,0.001744391946033,0.00400312643916332,0.000505656900243649,0.00216372578400406
0.000407769714824085,0.00147718195502777,0.00105207258851145,0.00247511116093084,0.00303556989834159,0.000713067127818112,0.00108626606947318,0.000748597946861184,0.000865845658757895,0.00203756808943927
7.77660478332193e-05,0.00492131474614639,0.00438584418860846,0.00240472732344182,0.00024030859854595,0.000701882571270167,0.000727514793493342,0.00254638365313975,9.28658701390137e-05,0.00276092421794182
0.00484390384741662,0.00511530167786,0.00235235913246239,0.000835545371750411,0.00135733797277226,0.00455573400355708,0.00274269692678455,0.0022955663798641,0.00307621761876638,0.00188056754934688
0.00281576394478651,0.000835965748176187,0.00130472032945785,0.000600454195785994,0.00416686551147841,0.00310528891634379,0.000459957655030568,0.00125456951066462,0.00390457083226776,3.13046721325701e-05
0.000839212555599159,0.0027714739690869,0.00299618131172105,0.00477079948439056,0.000646496745201775,0.00145901709833325,0.00487672096634022,0.00292072997590935,0.000225010199324458,0.00344451005405472
0.00419178040718828,0.00316238526763347,0.00446904698402606,0.00275198878490738,0.00315496190773529,0.00399468863210962,0.000598708143774448,0.000788263269666007,0.000659143005085494,0.00314613970853804
0.00409938370479419,0.00448509462422142,0.000583917945571382,0.000842830818948868,0.000923997938714282,0.00261765875652832,0.00136959682200425,0.00222394820639512,0.00467704577657114,0.00217515812331537
0.00474658001815157,0.00436059801501454,0.00147716311612772,0.00465840340205266,0.00329600154157208,0.00133206858342724,0.00300364286425583,0.00235990655935855,0.00369178708842574,0.000967223078538907
0.00146474356488838,0.00247036867249924,0.00283383581471395,0.0017622808050832,0.00400519661169335,0.000688324921766746,0.0033125085285725,0.0012717304859069,0.000535711079608955,0.00389502609425322
0.000171796334715295,0.00297192744554878,0.000789138039968451,0.00436413910783232,0.00156199092136163,0.00111946907969502,0.000412729827948785,0.00147875900110823,0.00407895085022626,0.00501722653000767
0.00500453350919909,0.0041582781723041,0.00358037847169168,0.00233087729781001,0.00120324702964019,0.00439576462624146,0.00469110487931971,0.00169270771464109,0.00273541235250203,0.00184892868206383
0.00373898062755555,0.000357886239184734,0.00190158630018881,0.000886764215503154,0.00217900480750409,0.00112473701177406,0.00155017760426619,0.000832137095196332,0.00340846695557566,0.00237574029304352
0.000662625709804129,0.00208372940225745,0.00376542129781148,0.00152232905869886,0.00383773150735357,0.00268876660147107,0.00278687133782203,0.000996798548314951,0.00175923265169759,0.00286993684152862
0.0020523045773771,0.00349382321013159,0.000830719036771092,0.00444931838715511,0.00359124062720319,0.00301867628413639,0.00051921593642416,0.00111466808007482,0.00144573820252957,0.00219124459080011
0.00306009887183303,9.86726212265818e-05,0.00470865810024679,0.00422523979567056,0.00484843546366866,0.00101807941524819,0.00062909282201852,0.00312160116667604,0.0015061735066544,0.00109388851059616
0.00236603501791527,0.000522811207248963,0.0023293838705697,0.00185720238133447,0.00177447970210453,0.00436594303582551,0.00453696668806783,0.00285236038164671,0.00213760601798242,0.00123367977303768
0.00063917766548237,0.00474189340979766,0.00192123662002668,0.00409013836375951,0.00277105470580487,0.000117436756124094,0.00325756102799948,0.000518253528901534,0.00287362350771504,0.000536768963350734
0.00351167714568051,0.000366645701914985,0.00182104910846667,0.00139463677646649,0.00139094949561143,0.00333763787377341,0.00159880541966589,0.00255149982698742,0.00496005773711423,0.000813673191058077
0.00272539901419245,4.20932093620413e-05,0.000912800058840042,0.00504317282400229,0.00320563053608713,0.00182244017461186,0.000874764691048377,0.00227423146486493,0.00364720511459755,0.00460749510656968
0.00412732780665381,0.00261373026117665,0.00146831032074188,0.00116551871537997,0.00380859587093435,0.00391679884408077,0.00399899784886145,0.00398935155427639,0.00251151437662792,0.00241117841084618
0.00160188053347704,0.00108278120490128,0.000741867663120522,0.00494753088344023,0.00443858137717949,0.00294738664186296,0.00297662889281431,0.00317855593063556,0.00153818067766215,0.00222599281184626
7.65848436384695e-05,0.00115371365203517,0.000599423586555436,0.00438864314845238,0.00257206436286528,0.00133116254650316,0.000641372454184531,0.00188557998855814,0.000997015360772295,0.00134878113267526
0.00473346406632266,2.60945509993728e-05,0.00334997594611412,0.00232631159110509,0.00444304132068243,0.00185820610902999,0.00157273190127491,0.00465312257798594,0.00430099255064207,0.00118774519839928
0.00145537629256193,0.00502268207247315,0.00119651993189578,0.00251218644915766,0.000260186874192393,0.000100193678121178,0.000967222017714098,0.00069703701181179,0.00106566034969514,0.000461110751409722
0.00271025932056372,0.000817454462326127,0.00106937390679784,0.00178567996034756,0.0013891218852691,0.00285348798234011,0.00470614394574609,0.00441676013647676,0.000359404139021776,0.00237675204543062
0.000645263364494429,0.00424534389221842,0.00346393286128781,0.00252515789875964,0.00024434452236196,0.00435954930741562,0.00209373048724298,0.00151224660073391,0.00322419843501702,0.00227591110815429
0.000761257313987655,0.00293608731514697,0.000170063276250574,0.00230026936537293,0.00274407853163447,0.00404824621687414,0.00253090297263806,0.0031456950162881,0.00208233493998004,0.00487510825486858
0.00201018442460364,0.000996881148221114,8.57525890922523e-05,0.0048182787112628,0.00229792746531622,0.00328679415228891,0.00371992081563,0.00460188428459949,0.000571767270417427,0.00270515559286738
0.00382006712654058,0.00465033021987873,0.0039142184278385,0.00219328694811019,0.00015414789979,0.00203194891042987,0.00195424731563422,3.06673611989322e-05,0.00247505738668278,0.00253363212981228
0.000676289281864712,0.0020564232935353,0.00227452579669625,0.00265337375402166,0.00121549144718745,0.00237536025009896,0.00465209215398851,0.0011503880562335,0.00491929411313863,0.00213953142080715
0.00160958182240784,0.00495204535883106,0.00275655956534376,0.00514368198592187,0.00473059133889991,0.0014917968711499,0.000589672769531309,5.77718447062559e-05,0.00157997105497495,0.00411227396820424
0.00283703934706511,0.00288008950644712,0.000590940671510846,0.00125076220396034,0.000954715666437382,0.0026343502953854,0.000697757430237453,0.00242099937732935,0.00257577115655243,0.00148847048771559
0.000273120467137513,0.00433678687353858,0.00236425121823617,0.00486348542775644,0.00444623800516301,0.00336004662918927,0.00211040383073019,0.0016589862819339,0.00138275833591402,0.00318636980381447
0.00497243443832061,0.00491741200389571,0.00100980977381063,4.51713778373548e-05,0.0031812541891544,0.00430007607618755,0.00292957842235314,0.000190591304319154,0.000503194959831284,0.00227272978515489
0.000914885208434269,0.00418828409262774,0.000662664250245948,0.000755249616333039,0.00280334596561457,0.00170278830399413,0.00383118360853888,0.00151245833248866,0.00156036938653985,0.00480383624736105
0.0034534459755559,0.0013279492465444,0.00480793032739004,0.00264769351060497,0.00157295104912374,0.00378456363147105,0.00444237705350994,0.000578906721926531,0.00450344847204107,0.00393833084956046
0.00248852240143599,2.24061576759478e-05,0.000829722064981312,0.00371600565006891,0.00417282540205369,0.00474849122176061,0.00294957676359416,0.00125243167933168,0.00300921822828452,0.00485891624437233
9.94312121887479e-05,0.00131649781473675,0.0044546439331459,0.00448567742886927,0.00475387724678063,0.00197803910435383,0.000784493466781945,0.000152057481027273,0.00168108943090673,0.000911023661963123
0.000443095834105681,0.00139226425450921,0.00282898399573721,0.0037843981678051,0.00436812493677853,0.000817952207960572,0.00335784181861453,0.000361075847056807,0.00205876056248649,0.00466631306682507
0.00377421758059631,0.00381139835557597,0.000565869884733871,0.00245768382630016,0.00100734136890011,0.00156885722215726,0.00157688986534002,0.00514566635603427,0.00392652977152756,0.000748518083076976
0.00348648042515602,0.00504076983793954,0.00442865388826805,0.00160633461379983,0.00467893630075376,0.000471221403523919,0.00102110973565156,0.00487000697075841,0.000482181803460939,0.00322628406466381
0.000944442682685052,0.000951415919196498,0.00425618206031436,0.00269050210297647,0.00439818680868994,0.00110034414736276,0.00264813999303826,0.0037703427048995,0.000236980881380289,0.00506989844225054
0.00263900258250286,0.0026550180303548,0.00386099631844352,0.0039232005196392,0.00453943546576236,0.00354630035104015,0.001856444607672,0.00159507719589202,0.00217998689286379,0.000827244956415041
0.00402923649047963,0.00134088270368173,0.0010228559311911,0.0018162778460791,0.000753909511577851,0.00429151308517979,0.00120544043721875,0.00173815074560494,0.00266012495754101,0.00284352769337996
0.00103805156574325,0.00273487622572505,0.00266282661534469,0.00355927128096308,0.0011425612708089,0.00276647520262196,0.00150484692675843,0.00269623747888692,0.00336195400384305,0.0018942955969904
0.00410008804240688,0.000658433650791067,0.00352163220093849,0.00108659521707669,0.0011789458668288,0.00411272588289884,0.00179795556741788,0.000607876361997875,0.00148198219290557,0.0023687730345091
0.00168714366623573,0.000413482211215867,0.00440189725874497,0.00307193879368118,0.00220512175699218,0.00344347032544375,0.00133377354586614,0.00202990709442357,0.00166149219200485,0.00469223784593232
0.00210572438522591,0.00144165261963457,0.00292923238574668,0.00111267148210096,0.00239579641454087,0.00417275230754495,0.0011681869358096,0.00139196217801386,0.00409338115793274,0.00388951189422957
0.00495311997279341,0.000121436398510346,0.00363324679742734,0.000754585052562844,0.0013210380490225,0.00253415978576625,0.00103096375940369,0.00336498833896548,0.00483528106791855,0.00465351375085126
0.00421970332601496,0.00130466587954923,0.00487094452922983,0.0014368980001693,0.00452243031779354,0.000331311348698855,0.00154480752677783,1.43019551143986e-05,0.000294904863095784,0.00200756386004924
0.0040882628499477,0.00448886338137494,0.00421623900899206,0.000497942852882214,0.00105455182945307,0.000802017478975351,0.00191266726627127,0.00448065112335421,0.00111211174295436,0.00471145520628046
0.00245031897222846,0.0033680541065499,0.00147301057268001,0.000922087303084273,0.00499867188482383,0.00325484615931701,0.00170666721483036,0.000515495039645728,0.00108891668512052,0.00219498668252186
0.00182202097383251,0.00135532246428654,0.0029844739715376,0.00376950377113876,0.000204384893326255,0.00236103954751167,0.000155423969458511,0.0014871715869644,0.000999443704387736,0.00431915973240196
0.000880636845672229,0.000892249947803235,0.00310718022194727,0.00220276679106124,0.000805173770914367,0.00178570779509146,0.00477506850037397,0.00118447268401227,0.00218449539968428,0.00453516856613434
0.00365993604464962,0.000334988015662112,0.000713456450277955,0.00262620694391709,0.000294945423934307,0.00290489868292331,0.00307138892323445,0.000607354887433894,0.00282601806869692,0.00312508113101681
0.00240774025001118,0.00334913499219864,0.00143553264020615,0.00188962232973955,0.00404619461168456,0.00211986341302791,0.00406661913150755,0.00333504719998486,0.00351543419489715,0.00266507900256377
0.00199972492756915,0.00288435116486503,0.00133651798916062,0.00265361992188033,0.000324733085403757,0.00155635479890668,0.000386275147810363,0.00114101001546517,2.2210037355983e-05,0.00385304502441458
0.00285121617150446,0.00106065211773977,0.00218783758980427,0.000382145110751187,0.00160022346835826,0.00300132849676966,0.00422397094207444,0.00431094781725429,0.00396015768309014,0.000284618466732434
0.000812361597197793,0.00531094875398305,0.000492574314765577,0.00139298724710398,0.00116137857559866,0.00284060082725941,0.00237440972339283,0.000875315589659227,0.000743932286848845,0.00268812533490632
0.00378904297330762,0.00210892548112463,0.00169135098474175,0.00292116914595911,0.00357259506339819,0.00457206134378984,0.000651742422586618,0.00450492917246104,0.00163557710944972,0.00412006600013766
0.00167103679857804,0.00225572345514092,0.00291854192608295,0.00150039972907655,0.000616359602692796,0.00358181793052323,0.00454076279863296,0.0024658286598564,0.00172125817066907,0.00127578917398678
0.00459881398634544,0.00496082843120545,0.000799182821351689,0.00432506947815551,0.0026229256405339,0.00396782204848975,0.00370812052689825,0.00070670403437687,0.00279462245377218,0.00350767746817952
0.00235754553841693,0.00297328058703722,0.000264490560105606,0.00267834885117998,0.000877598468647535,0.00113650574096285,0.00405006113530278,0.00126037612032211,0.00214335307736697,0.00349969519182025
0.000230365291638767,0.000967795135123725,0.00247176197956589,0.00125576451723385,0.00297482184470942,0.00254367925985236,0.00470081648145826,0.00105126333902863,0.00162578647912601,0.00334606774272351
0.0029409682433842,0.00179299679232305,0.0031622914810075,0.00172878947440269,0.00200404516934461,0.000347427740971815,0.00224031497781861,0.00244310101667929,0.00410517663467177,0.00221223275442873
0.00305429857146525,0.00499058219501405,0.00250632911884007,0.00373862248873688,0.0013809930554402,0.000630448554297338,0.00462489377476996,0.00121997889009264,0.00171471429147305,0.000816695552363645
0.00104563816618786,0.00377627822107863,0.00227202265793725,0.00412308052395166,0.000532177525333839,0.00243602228322447,0.00151091176115025,0.00473265143495535,0.00178358804362005,0.00203333796833566
0.00464562918239612,0.00134712552654024,0.000994447533277225,0.00442903947554658,0.00475780658902166,0.00374022422197274,0.000360610064417589,0.00137291327241158,0.00460470402580863,0.000332638533954455
0.00339776615546584,0.00433470026243873,0.00140279486317365,0.00340190362944967,0.00235330114773181,0.00119399245609532,0.00244682723903484,0.00465408179344731,0.000604644284196903,0.00107522641551153
0.0021158854193034,0.00469989488401338,0.00239786231368618,0.00266357498380517,0.00398921961681339,0.00308600849527418,0.00360739107991066,0.000352955932674507,0.00355391214499545,0.00468760363852104
0.00154907419131186,2.45034731910712e-05,0.00070917510217922,0.00229644597872218,0.00209702024783492,0.00223766684641659,0.00404464768639064,0.00080272469818306,0.000770259723849774,0.00255481481956227
0.00408975577645322,0.00213438461749869,0.0037447563622893,0.0051663809630553,0.00482784901309448,0.00418840169479108,0.000116864073729021,0.00344308346665321,0.00252568169293676,0.000852185188018549
3.6897936380159e-05,0.00197943247442611,0.00474652996023118,0.00276130430019081,0.000761872553696131,0.000138291709778412,0.00120511027303333,0.00044500375167455,0.00052386184454857,0.0011550460201806
0.000799158686507812,0.00137674193889658,0.00364195748692062,0.00273926577317003,0.0038768595403965,0.0020455370819206,0.00438491739935851,0.0046587538284454,0.0042591527608175,0.00471900624498957
0.000306808057149719,0.000501037790891192,8.19344245212628e-05,0.00118049099413278,0.000132521350372562,0.00094801790210883,0.000846920016604068,0.00382933180549715,0.00470520876910137,0.00273742870755582
0.00274635489527329,0.00512580406079617,0.00188166959682362,0.00252539641805254,0.000918964109978043,0.00438850186083197,0.000940869068042594,0.00228975740246368,0.00271769467839363,0.00168128613198725
