0.231283696922226,0.609306079882608,0.00229734069756698,0.00110281004973795,0.123199921544153,0.0016086802144913,0.202852924284234,0.00179753532156501,0.000728829765239274,0.124259064306513
0.00106852674154853,0.000641746442610271,0.00168973551205051,0.000560425785935408,0.00136067567031076,0.000807446483635441,0.50177261726326,0.0005169211488584,0.265694093844607,0.000282320434722455
0.000881561344556544,0.000489449856054457,0.000167287834154483,0.000682792956840188,0.000486918755374174,0.000101346103303581,0.000498530828668877,0.000251219208088503,0.000417319941480316,0.000931248593144529
0.0212701193887146,0.118143666928968,0.419340675430688,0.00114490528785636,0.0142385836679112,0.546999093076061,0.00151608746403428,0.0331744098512102,0.00466044285496233,0.00132790027437307
0.00144936190314106,0.000382573702878057,0.000914650841456314,0.0409791641968283,0.518554668999474,0.000574126907376753,0.000266961004396683,0.00184757145669646,0.000369805073415571,0.000417607642151932
0.000693909652818421,0.000380058480249233,0.00347674211844664,0.00168753098220425,0.00877686752934358,0.00106519507176292,0.0126518163335851,0.000649595359279742,0.00175697534827077,0.000513808726956053
0.334428042860396,0.0001549647099501,0.00155406373661157,0.000484702302778821,0.000175455301582904,0.000491962357130079,0.000494369910743543,0.191256407940248,0.000616472482424528,0.000215109737010461
0.00133184118274061,0.0171984549387331,0.00151017020339816,0.0782013122066479,0.0553896107409795,0.000266641813795824,0.000745215348609207,0.000609441325703541,0.00215855987346795,0.000758511766178756
0.00293418139853188,0.00178304371579434,0.000688687993603131,0.533636303306063,0.00151370231389139,0.000389219158932727,0.000407722681071845,0.000835807223658041,0.000640397250246971,0.000369435221015315
0.000660014051127154,0.00160192965201901,0.0140522931801968,0.0656828391073253,0.0148862477376384,0.183261617578,0.000771551177613401,0.242294089880389,0.144349949225111,0.331598691984807
0.0656999816090192,0.00024226873577979,0.000668446235452209,0.00125232715955416,0.00147580611446231,0.000273668932595897,0.000180259583754578,0.000227758969216152,0.000384423100928002,0.000474712553088729
0.000687950673083233,0.00026386056711828,0.0103952758913175,0.00041100543119117,0.00519042523436136,0.000305727333343589,0.000230615373591475,0.00125566326258013,0.00769871616025864,0.00045295314277284
0.0110557073719198,0.000574745873720876,0.000902717232630779,0.00418012826334714,0.00276769984216913,0.000643891194502156,0.000373467573299986,0.00624239427979657,0.000580710376263122,0.00354987116190354
0.000579946478218599,0.000282781644739429,0.159161277769014,0.000427674562488236,0.000556890534051892,0.000310793489133198,0.0302135366200821,0.000864220022484583,0.00113296096441628,0.00102094100779012
0.00068502341296305,0.00122711692082418,0.0087810566304325,0.00045834035624719,0.0006449080171882,0.00144562560818121,0.000513098210540026,0.000960092164654266,0.000926063916782002,0.00124715877403131
0.00459686989831005,0.000524721426345785,0.00156998958264127,0.000419910519097732,0.000560923807426664,0.000196058884896769,0.000737362657491806,0.000227366273479504,0.000471481939298608,0.000575733598014475
0.00113102913597776,0.0687550078266772,0.000608538411603366,0.00134140850523126,0.000887198527071658,0.00181162863925644,0.000925248161248981,0.0248561063966442,0.0102490864609161,0.000824730887746105
0.000460342808506027,0.000359942785365207,0.0284498879865665,0.000615604796452051,0.00179873208375197,0.000261804533496683,0.000582221043612547,0.00849300706128847,0.000405697945104426,0.00147785628765225
0.000361577757437992,0.000222381447805715,0.00130862018446762,0.000871163332256416,0.000300708050998138,0.000217786474431127,0.000621499704096201,0.00835995319279876,0.000932255851467472,0.000452133194466043
0.000754927837850139,0.000196222521704439,0.000509575341091656,0.015802449421287,0.000383435150099696,0.0230801727507208,0.000269813513244654,0.0350585709522647,0.000407606413382629,0.000410469448882829
0.00801822302088509,0.00952598923149587,0.00100941183696314,0.000559101856154145,0.00220713580474082,0.000382244207691298,0.0274169990163994,0.000624124495538486,0.00300653928023974,0.0115368235857789
0.00096883796167208,0.000487142839833637,0.000804124471780792,0.000871384063700652,0.000607617289610589,0.000469928581514236,0.000160886070929442,0.000226083698330938,0.00096025370724114,0.00101841717949844
0.000814945765299205,0.000671294675766215,0.00574813244775367,0.00801751429789711,0.003257128038444,0.000385272098326454,0.00571959694045458,0.00124352722927006,0.00499027332499456,0.00259431412764261
0.000456790305242484,0.00023817798190719,0.00057499486745355,0.0203113932872549,0.0171143721329319,0.000247796843835951,0.000179338985419475,0.000335954369572713,0.000381133665632432,0.000691111874166106
0.00057713257402469,0.000990128043376206,0.00967817229190123,0.000387111922889218,0.00148908718392521,0.0109263739221557,0.00240657663749007,0.0228450972991809,0.000336722087762297,0.000903766199843848
0.000443406985802268,0.00338271130912306,0.0165608784446192,0.000774799400547469,0.0037733763225044,0.000339561535047366,0.000321238177674565,0.0982411252522255,0.127982981734401,0.000295850302622427
0.00091335706301176,0.000637260134485633,0.000591869461151281,0.000854394862506944,0.000430152921804054,0.000295585824985557,0.000315778588355371,0.00026280030918121,0.000256467646004766,0.000777367404179097
0.000436726686035116,0.000528800592310055,0.000442808241338606,0.000441886571095861,0.000399232654493798,0.000355888047732119,0.000455361175361927,0.000313143584221364,0.000129085311541063,0.000342654462282667
0.000585537736105976,0.00086151266611652,0.0231854440214561,0.000342894663719685,0.00065250245320767,0.000305896894934913,0.000913865935265778,0.0027230568248392,0.0011711839176493,0.00375145538621549
0.00030592436275342,0.000313331945155931,0.000638770814384705,0.00617989177502694,0.000357909701491871,0.000244516699879089,0.00055920229736142,0.000360215961182782,0.000748269767332984,0.00023486048160363
0.000613972396941801,0.000389409293276391,0.000223829879809736,0.00102005496311603,0.00247032443153396,0.000383293394905859,0.000216845363617824,0.00023145903347089,0.000443016064545499,0.00113901973202592
0.000749000081292728,0.000112656005680846,0.000193893704861833,0.000434795997326123,0.000515092342558236,0.000350380683480393,0.000549252471003384,0.000636374439170129,0.000264921121649474,0.00121109228872795
0.000291181444770413,0.000434933412774115,0.000701263218134417,0.000142589487635645,0.000665830013218831,0.000324080984034046,0.000157105809896541,0.000347559114315357,0.000809741548947383,0.000298454431237809
0.0340751837304767,0.00563949544939429,0.000998042517179889,0.000882270738335471,0.000423218376209527,0.0015472667520763,0.000727973416774795,0.00846575192449399,0.000396660262541993,0.00415742011268281
0.00028097602052763,0.000263618169951836,0.00234276529997734,0.000307508049570549,0.000203186249696249,0.000202136312682051,0.0002990255731112,0.043605289328899,0.0016397598147603,0.000310353730249768
0.000362270146189683,0.000622957867371692,0.000569575365336987,0.000908749692233339,0.00063426340648087,0.000701295931944665,0.00105227878391712,0.000387831386237107,0.000270677873123309,0.00740532111107923
0.00186482388423536,0.000570275507794868,0.0044090419641219,0.000380631962353523,0.00506753118757433,0.0274156811949015,0.00198637282917127,0.000648109708231273,0.00140599437239869,0.00364418850696384
0.00215561800049466,0.000500104067221789,0.000697958598576967,0.00063763673876997,0.000614667768688932,0.000484847449229237,0.000553019477613727,0.000948374058732136,0.000861601003799411,0.000813630591517483
0.000375536881659162,0.000326404897690858,0.000473147635998788,0.000233546188635204,0.0011438061443981,0.0161242725293121,0.000376554567516375,0.0141662863612393,0.00079949923639317,0.000497202544245398
0.000674653901785159,0.000368375271407242,0.000401209191357562,0.000440693328344969,0.00028859409519398,0.000357755027785749,0.000115280357810343,0.000170328297846693,0.000819553251344918,0.000593823016523246
0.00065774792723605,0.000166103569218539,0.000731270550267555,0.00201762776911199,0.000515261721436381,0.000111492795815842,0.000536710357530368,0.000318819471167472,0.000383613529499362,0.000699043004363353
0.000418092407597325,0.000459806847169105,0.000353885320896315,0.000440378363191467,0.000517580495521842,0.000786218012744507,0.000507328050025851,0.000534371630109337,0.000304166533879597,0.00549995762580086
0.000523403761166882,0.000255240533144108,0.000563176238097908,0.000676341293745932,0.000534095332995071,0.000377703622612707,0.000480621527063925,0.00040885736257794,0.000513494180825221,0.000891930696123479
0.000436101693669866,0.000455423913531238,0.0008361128742779,0.000382184720920679,0.000427223488558763,0.000643107187241002,0.00104625319118673,0.00345298777389061,0.00215775806838965,0.000995802561532528
0.000806489068933825,0.000442046977434452,0.000805433972803819,0.000782482771340426,0.000546383425871369,0.000504584774299611,0.000474399655211214,0.000664811534066385,0.000736157752396785,0.000691259647373503
0.00172711625997827,0.0137688984607408,0.00495558486789615,0.00036624871709232,0.000973735224109523,0.00128344727249889,0.000796673602630861,0.00152674163039598,0.00105753408918898,0.0291507913467172
0.00039963820523667,0.000897849829303896,0.000807489572997892,0.0079092641610339,0.0109796605231271,0.000164169988403346,0.00066620719875386,0.00031489190675071,0.000501235320062971,0.000767015074124648
0.000639003359720949,0.000498388974227674,0.000888584563742211,0.000865405188929523,0.000418323415586556,0.00166678524117977,0.000738472694539248,0.00722826568621493,0.00237107145995947,0.00104618676521315
0.00354196108802625,0.000169611014685784,0.000253871519630142,0.000154313630864195,0.000443041919808461,0.000185071853302206,0.000546837369953081,0.000482636623741567,0.000789099650723346,0.00187339700369431
0.00138554056917805,0.000858785953781243,0.000732993165130029,0.000426470879188471,0.000495359187342629,0.000379869887409616,0.0140014132075402,0.000721583381382469,0.00077737732934483,0.000676643063121586
0.000561486139704586,0.000139709207078433,0.000572229147017435,0.000758708041886967,0.000598037820206137,0.000305555940214254,0.000175099542617044,0.000674524953040806,0.000648837765738884,0.000619325554449247
0.000893911975755314,0.000207475648134314,0.00141412026724009,0.000319766161952517,0.000736192600253886,0.000505525200270233,0.000682969730536879,0.000777255496996784,0.000265064689898888,0.000851153304696972
0.000635406860157737,0.000368953680917593,0.000356207250116468,0.000848461655737189,0.000133188330491742,0.000378195206873595,0.000625765563474457,0.00018036462939443,0.000802710349839957,0.00038832592516615
0.00275611326904487,0.000246304800174384,0.00104284587785143,0.000380230650796695,0.00193212770630865,0.000250667658346745,0.00124800299985408,0.000327518874301946,0.00200101989726219,0.000672510223143902
0.0145550371824321,0.000311809403343234,0.0220784130581126,0.000470088958601899,0.000535438760087663,0.00292623216747742,0.000399135814682277,0.000199858162878224,0.000374617453771535,0.000458769883693087
0.00112498599935665,0.000490478035284149,0.00095892619325435,0.0007670943402793,0.00029236589414936,0.000174449305497292,0.000579585111880117,0.000541029387670436,0.000373589515401235,0.000187896440030564
0.000445405978629052,0.000426740421143103,0.000530764605738513,0.000582320377847323,0.000348687673894786,0.00043521654978576,0.000607941610791006,0.000378157991758505,0.000494313340416693,0.000826456992490451
0.00533918997488833,0.000616522018056857,0.000525196336769552,0.00595248974896699,0.00181308587671994,0.00173887556048919,0.000987380345932023,0.0033833815790754,0.000449235556321449,0.000731959624156293
0.0065709916111322,0.000372881748622929,0.000632911576353226,0.000487142848303606,0.000259667508198356,0.00229435917437509,0.000321467257335825,0.0103265790795149,0.0351814125523917,0.00128583924511677
0.000692702454980313,0.00153349202915842,0.00102435926602914,0.000833810658788582,0.000461488672698382,0.0126609326063956,0.000306673930831416,0.000679853129564767,0.00035532267555848,0.00177917999495751
0.000198991515151442,0.000505014248744748,0.000442758750891687,0.000503149584191196,0.00056368498865391,0.000128689259770972,0.000513693264316522,0.000633381511125702,0.000762158890204236,0.000627744871521606
0.000502540385088653,0.000309432664723413,0.000434137484280677,0.000514529098119639,0.000113609609301476,0.000627763812718511,0.000607281168732257,0.000619285473245347,0.000807407419120103,0.00100123772444431
0.00221537238182719,0.00057002375461627,0.000242726840268047,0.000872026347606458,0.000755522192151373,0.000472712630455194,0.000155327105083327,0.000427525308481578,0.00093778344558547,0.000714238600925165
0.000489707643429074,0.000233278587811312,0.00039681983839956,0.000388977204566311,0.000279565241867121,0.00042423489495142,0.000538990534724878,0.000744346973459634,0.000674908227617001,0.000888407662146127
0.000464130247535142,0.000252800469362752,0.000669587076303206,0.00296410851837028,0.000705032585386965,0.000437741320660157,0.000338155108719832,0.000337731672586667,0.00036728537408415,0.000327868261715087
0.00086610164362507,0.000192900120462668,0.000695436985951347,0.000320630947056738,0.000533520522705392,0.000139971915185584,0.000486143288481107,0.000329190146329328,0.000798559485107858,0.00119815893273831
0.00139223048415574,0.00035612726716763,0.00184526661771123,0.00532374393995877,0.00380931390892939,0.000816540005360848,0.00154590412853456,0.00064661654625484,0.00332959003159982,0.00165677775688962
0.000505605193584975,0.000358671535289404,0.000774869075799583,0.000191385248104226,0.0005726540658893,0.000228718666116935,0.000581880618142626,0.000228073674003017,0.000388317247081602,0.000426065374470741
0.000642267497329992,0.000301965724837183,0.000381914102335607,0.000863791103504714,0.000212280829179046,0.000294611260395779,0.000630082237117199,0.000374029525507035,0.000714018386797353,0.000641169070652417
0.00029825793315796,0.000630817374584996,0.000649022059072325,0.000770621846900389,0.000377036828206776,0.0195814775331039,0.000321420078223884,0.000627191478633059,0.000567692368132548,0.000464907693391308
0.0012610317449803,0.000504009173860276,0.000426629448697161,0.000808842109390992,0.000249217447481539,0.000500452689695253,0.000749996551755838,0.000262138673038935,0.000363966623913645,0.00115865883109275
0.000285970572508102,0.00126591997741751,0.0214672726621036,0.00078021914873021,0.000301232786561321,0.00023104152011883,0.0031115721824794,0.0010459568547051,0.00623691387710138,0.000392279682417213
0.0015568517605133,0.00033906704762725,0.00132563280526426,0.000909345536362614,0.000632416152060646,0.00017079942171444,0.000329034040054005,0.000282658472345043,0.000481700232644787,0.000606429988369192
0.00105561294881806,0.000710671594250382,0.00052523523682458,0.00120941521375788,0.00190611539625441,0.00027045206103519,0.000724733958607854,0.000455893834094401,0.00100717959160822,0.000287326988320012
0.00102206331844501,0.000161207163154952,0.00109531588796878,0.00100802191336673,0.00088460674476822,0.000442037967982885,0.000917832698797236,0.000557934670610958,0.000838317065609679,0.00164798641919951
0.000796015460074136,0.000341588802874815,0.00387635844152092,0.00101757315225043,0.000196589383082349,0.0126592785728294,0.000347401659638553,0.00066713873726837,0.00372590103020233,0.000746997012707399
0.000391014954150272,0.00399723031712196,0.000526241455717622,0.000152848290849018,0.000510492698600564,0.00014583144868977,0.00055618696404379,0.000647989263166661,0.000552326404807361,0.00051552951976519
0.000241047032949205,0.000286385775579404,0.000930027294720771,0.000368001048204588,0.000982064779941842,0.000289663695452964,0.000793983525154758,0.000202923907215135,0.00705549081761751,0.000983453115959211
0.000893306815234868,0.000333599643799729,0.000348819427968214,0.000854286842258079,0.000362538433250852,0.000423350468538126,0.000560251746214312,0.000568793853135324,0.000415899616457226,0.000226640135920035
0.000849643511333825,0.000395842851519204,0.000745441365056083,0.000581133212631139,0.000574177700446484,0.000179258818384675,0.00047080657164596,0.00058444325788052,0.000764099722389949,0.000278428793410267
0.000342309557654021,0.000367063450125977,0.00103643247395151,0.000699244453621868,0.000412074283939025,0.000466775583228877,0.000527143065489095,0.00216351927220828,0.000339804357611524,0.000367049520757388
0.000827716281128084,0.000206667348411999,0.000608986621961436,0.000674470532539097,0.000220163019169053,0.00026979034899565,0.000645168663476495,0.000663315262147026,0.000731959647093028,0.00107936888859285
0.000509568633989915,0.000265337577380366,0.000942089465350768,0.00143837201305826,0.000523526484386847,0.000462062674775993,0.000714672831161237,0.000723092963000505,0.00033171885223815,0.000356195376547585
0.0008386909092968,0.000261575556184266,0.000520600621329204,0.000708680571414975,0.000202140213851732,0.000368514983838924,0.000476086925377266,0.0005722109500067,0.000952845879255579,0.00040257533470037
0.000627082433380913,0.000424455286397675,0.000682035525680683,0.000705154873572573,0.000570514100627357,0.000453015476722293,0.000448790569940409,0.000682217152772376,0.000521470977801177,0.000249930777342054
0.000760941693951391,0.000430544960310961,0.000711410525468006,0.000428550373741373,0.000856210687105301,0.00060440967609553,0.00066471142958607,0.00027789674082571,0.00040530873862885,0.000481340977075149
0.000457938022428856,0.000561182778189414,0.00100732594966005,0.00246965797802004,0.0001969651699105,0.000302338583452005,0.000335177460479798,0.00038104292064666,0.000395655399151686,0.000316892223637931
0.000427102491885301,0.000318162331208894,0.000549608049320588,0.00196785272315507,0.000615974667747603,0.000261960585464767,0.000545251491722274,0.00450981687025208,0.0005948613023366,0.000744736264600673
0.00123346950953333,0.000522637063795317,0.000680993054277279,0.00046542751850758,0.00041120305016831,0.000358149551393961,0.000290907529204876,0.000537841347388841,0.000671541621784576,0.00095552147830722
0.000669006982374309,0.00041746665150369,0.000722053789804676,0.000199559356972595,0.000498199772668639,0.000435228973130211,0.000437535104887161,0.000539638928971905,0.000480930141993292,0.000852773289325353
0.000220131223296093,0.000197918761206622,0.000708062498145786,0.000847011920145614,0.000361663842745378,0.000195130477694269,0.00021983738870301,0.000702403626438237,0.000341745772875728,0.00118601228792098
0.000178305802178496,0.00050068531528068,0.000391016735722685,0.000221417510288639,0.00019650545652625,0.000428876019461772,0.000289198520419814,0.000992136158673679,0.000879401351383994,0.000207254760263723
0.000813401099337329,0.000326475308182457,0.000634524981146046,0.000706692400026616,0.00048024999480241,0.000195716629563277,0.000256606701244847,0.000567212102840365,0.000305820937320291,0.000269137502502398
0.000793126855621709,0.000211132379736392,0.000283334866071199,0.000455669176260645,0.000267127638298769,0.000271862249191017,0.00039130090052092,0.000538103814240731,0.000839998179318491,0.000597349407914698
0.000421717641980034,0.00275713498921293,0.000716812638613247,0.00156438553051153,0.000177223661830486,0.000263466571727423,0.00194562686677303,0.00101019122486242,0.000311822611081707,0.000565215620760025
0.00121291456596669,0.000495663610390774,0.000790271899559133,0.000335955302354663,0.000176679309591769,0.000464381828260297,0.000423860299509479,0.000530080154571366,0.000156847431924967,0.0010511945133568
0.000908144993282935,0.00132194890724525,0.00176345980916395,0.000422929754756432,0.000521775714555385,0.000471507617369245,0.000194037180699919,0.000642714684076319,0.0011127656324755,0.00162945970383479
0.00106430489358198,0.000578587491028277,0.000461584445524821,0.00102315407170365,0.000876199526873776,0.000205056204775536,0.000348405675203749,0.000327754969165147,0.000504087973014531,0.000746695355555711
0.000419925848416907,0.000247005407988333,0.000560788320474497,0.000780390265962974,0.000605044595298638,0.000425844918414954,0.000625838421203086,0.000434627828499597,0.000370072623928652,0.000869176385616481
0.000713628105269931,0.000468420759402682,0.000634417654211291,0.000815488994710681,0.000385420474667302,0.000365317874487579,0.000489099241340903,0.000147007987103182,0.000659611181111014,0.000284913002073349
0.00068660759502946,0.00036872328573799,0.00127313341053208,0.000920701199801708,0.000437839598208254,0.000538206734569972,0.000312895446052225,0.000459343209207191,0.000581535371554916,0.000324266153445557
0.000885377204206666,0.000141252431671203,0.000202124108467012,0.000896043968718584,0.000915931444367724,0.00108011017865181,0.00107019248074268,0.000749737862174729,0.000744135330557884,0.000677847137112441
0.000736765394629933,0.000248927385661331,0.000612589340564481,0.000406750734004218,0.000507937233518452,0.000154965004574071,0.000552337221105982,0.000172495193990736,0.000847777487596042,0.000295531873338134
0.000487446409433988,0.000351963770631688,0.000278264620750454,0.000634678759996197,0.000502662546584386,0.000453313271615855,0.000285828930067214,0.000536673088987987,0.000760364632823239,0.000974039234598739
0.00128301764743741,0.000497650591503705,0.000236608367306009,0.000598934898522646,0.0011774963188592,0.000560407979067844,0.000727768882111015,0.000709538940528732,0.000793304270987906,0.000685610211994778
0.000924277533746879,0.000458592295422067,0.000666892073448291,0.000248897364938442,0.000567723330302145,0.000173311620647264,0.000129054464217627,0.000341341688155998,0.000474556735252981,0.000198107389581746
0.000476185145152266,0.000176989812720971,0.0007649658645232,0.000869346943867826,0.00024560791143948,0.000368023411380729,0.000478595319039978,0.000434524391261469,0.0008607796877276,0.000609608636414026
0.000239694836743758,0.000146191221833157,0.000180816567954008,0.000173546417101051,0.000520689831652558,0.000368309435513301,0.000146157512369579,0.000442596990197689,0.000208160889980772,0.000761407299643008
0.00148657261473199,0.000336510536086925,0.000287261047729414,0.000688430989947139,0.000241828076740525,0.000215887291250137,0.000725113543734992,0.000611867794105091,0.000256196472047796,0.000650137112650224
0.00057061070383725,0.000506224025596195,0.000300492134383016,0.000910868360620142,0.000189603032502782,0.000372007463145269,0.000535530507092786,0.000320858863509989,0.000743363300155563,0.000508717674692424
0.000358724735054678,0.000168686637192467,0.000756921012116712,0.00036771527587609,0.000587722285633697,0.000506524965738753,0.000668671121698038,0.000552976318576457,0.000699085565304037,0.000930497877734242
0.000849054300125902,0.000540558458150453,0.000208468736882699,0.000837541521857369,0.000469623991005542,0.0002925770483052,0.000332504542747656,0.000260566092524514,0.000445955378283959,0.000554210822494362
0.000414771818051191,0.000110627865323939,0.000425319402025952,0.000626319992484176,0.000222642145207463,0.000128661268517918,0.000371725309413021,0.000231217717093643,0.000156349078380743,0.00132540882859804
0.000889842369031518,0.00260844935023958,0.00113898058555543,0.000515048092322083,0.000511471200735442,0.00035901779161683,0.000241173158780645,0.0102476748476827,0.000790834791654725,0.00100544938687329
0.000690822735250109,0.000441786070965757,0.000437100520579291,0.000605987072435159,0.00362994772032438,0.000138364565892894,0.000480941738602443,0.000252731964884905,0.000482072976303843,0.000165473132793923
0.00071860169870819,0.00010700712895106,0.000352336351085476,0.000187232846484597,0.000397415741750108,0.00041863861935921,0.000672522522981099,0.000503211188262117,0.000356635993309919,0.000449124544287455
0.000283907937464235,0.000277168719262895,0.000772781972488876,0.000278180693297456,0.000576276577283816,0.000422521923320442,0.00061259284001977,0.000625599012814402,0.000820542877714863,0.000496631058729822
0.000543720165336942,0.000222055255404011,0.000241083387428033,0.000610483582588142,0.000792019868780943,0.000471186055307993,0.000632994478759968,0.000582752291811755,0.000742463242050142,0.00016923649655873
0.000595470601646831,0.00012173117652599,0.000536576831423081,0.000900620130152282,0.000327457190688853,0.000311978368905777,0.0102418668386077,0.00060094710240026,0.000965505430431707,0.000475475049119026
0.000451815852372612,0.00027999270565864,0.00055070409231341,0.000121565525173458,0.000524668145535573,0.000305847187303049,0.000308568197505316,0.000318691296296362,0.000474066471164938,0.000821386803907924
0.000282645424101938,0.000145411763362973,0.000341418516622498,0.000362498984285561,0.000205694185478294,0.000360017429011242,0.000713382055718988,0.000304273694690556,0.000299326021358248,0.000603696836798697
0.00082736917696975,0.000105560655760153,0.000678016649584947,0.000438402564560334,0.000574900803658596,0.000365202478799955,0.00021719748302993,0.000682169832006554,0.000835995195337301,0.000890977607630582
0.0008055916477376,0.00020361847144292,0.000551668664027056,0.000825509755983339,0.000471611609331111,0.000347231191563043,0.000474430807381336,0.0002335368136957,0.000184505792899541,0.00022246446795348
0.000275712726267811,0.00187916141274028,0.000518701362765405,0.000425992862292852,0.000400135370596245,0.000353719386391576,0.000322540064145417,0.000536236983782097,0.000772799446859894,0.000837854433638933
0.000949473816633581,0.000422102688263106,0.000634666167751016,0.000235882465576659,0.000335902522712396,0.000313643705352206,0.000307285796885225,0.000631651296889779,0.000762930353742753,0.000402994929919898
0.000696293778133265,0.000407474571793858,0.000586419264937696,0.000235768328293617,0.000231187045944377,0.000411315891651851,0.000241405815080155,0.000454707817508313,0.000848221107112709,0.000920016104893773
0.000284165159779099,0.000503461255257242,0.000818321828979986,0.000748357770908011,0.000477116981550227,0.000247685125450871,0.000685790839753651,0.000564443258812762,0.000329752442652633,0.000426661676097637
0.000911064570383434,0.000472908225447447,0.000330556545167724,0.000800241259389763,0.000536009576218051,0.000418508906424725,0.000501773941833693,0.000524255344638012,0.000371043362631426,0.000863597163211066
0.000850315369039719,0.000213026674600201,0.000731619410906816,0.000845853659481717,0.000428399080399874,0.0019063597031219,0.000666862676748409,0.000224482897208649,0.000262021835336152,0.00098857759776778
0.0001936381198354,0.00021533877061213,0.000719591186375176,0.000508738314713401,0.000665537896245593,0.00050585447830312,0.000697750313843391,0.000293179398665322,0.000667017706056433,0.000938490378207519
0.000987141359525407,0.000476308743935194,0.000675844376886214,0.000203752614241341,0.000649081749223474,0.000334392923597162,0.00059752639812308,0.000924318026326473,0.000789450408235627,0.000391662964961707
0.00103149157707094,0.000381218874421428,0.00079979450922694,0.000230810006382985,0.000751090628037629,0.000362780873775878,0.000938426850428297,0.000689200111863733,0.000918192392420292,0.00107024160792427
0.000748012432910456,0.000141441860942797,0.00109079514075862,0.000339702170673052,0.000606441468483464,0.000536867677629977,0.000936356355868101,0.00215143736362624,0.000519787478455697,0.000282421943706636
0.000942375712677305,0.000390600685099286,0.000719117421817877,0.000520467761167838,0.00041250322418006,0.000335501074409236,0.000137068615689514,0.000686467245657646,0.000786785451243857,0.00066691406918354
0.00321381664838671,0.00029012874379739,0.000744058709073858,0.000424651458090927,0.000293680273607055,0.000320630354935669,0.000199806371567458,0.00074542866569834,0.00111086630556468,0.000576093197285811
0.000708406517479847,0.000201830462379957,0.000581953340550479,0.000434620159738235,0.000181127274181559,0.00045001711220256,0.000444695162689735,0.000649249189842518,0.000341795420959964,0.000786567870074725
0.00080360148668394,0.000312710623371001,0.000481917642092752,0.000688466542275075,0.000478490304492441,0.00032311789057287,0.000655258208200898,0.000283859135710495,0.000832688300205379,0.000836058207920082
0.000266497089483783,0.000383350688237604,0.000647238305204774,0.000723665111392727,0.000395965564370159,9.04036053518965e-05,0.000643142727709213,0.000530469429059029,0.000155879240988933,0.000612671974721905
0.000302254422408977,0.000525077855095479,0.000546064550059047,0.000292991463619273,0.000649425707435299,0.000451468201240665,0.000172200462253258,0.000391867485370796,0.000349020596914111,0.000129072264571452
0.00101514807615428,0.000235109754762304,0.00077527285834536,0.000627253392378899,0.000331490665058327,0.000331899904538239,0.000457808026117607,0.000264612170868654,0.000552731671670069,0.000332846564243182
0.000932412356642883,0.000455928287438185,0.000160830841549295,0.000362209692346729,0.000668927175625537,0.00022706177199698,0.000568287133832034,0.000675220900429966,0.000696872859746923,0.000379078708638266
0.00020298993295393,0.000321190674878665,0.000190905732449473,0.000439498256351677,0.000648557610281358,0.000257959940909731,0.000646287291882916,0.00018291719619649,0.000828394158422204,0.00140074621219956
0.000785616744969469,0.000591204081118293,0.000216364367602781,0.000653065514096609,0.000164486160985016,0.000389096290801692,0.00102621502788769,0.000260468803955033,0.00100029909205292,0.000866517121823615
0.000383095189372679,0.000438287662826749,0.000450662583433089,0.000634476739668904,0.000311818661417961,0.00026473337971998,0.000299636083298015,0.000370393665384833,0.000804720828229484,0.000806956677398583
0.000807679081432557,0.000142732312356572,0.000319959834709481,0.000132208966087808,0.000451121701631218,0.00015670807454378,0.000589222130198253,0.000705385876401681,0.000629296137040727,0.000815541104235994
0.00054164834092228,0.000167852288272352,0.000728560347943732,0.000240095413285208,0.000879678136044938,0.000375831318638169,0.00014728384873484,0.000660239521298068,0.000525573292452109,0.000508266993787215
0.000950546424732144,0.000192141082442915,0.000333721857559801,0.000385175763782685,0.000628912487661252,0.000292023586999871,0.000676413542279266,0.000520001183389499,0.000556735315183608,0.000670423669297922
0.000685603040343127,0.000232880321866122,0.000626036483113108,0.000293941116341126,0.000366746631761622,0.00049493860260854,0.000670337998988582,0.000523992481587208,0.000376920365274804,0.000588997140346843
0.000858378772960407,0.000153607195563013,0.000534113699819787,0.000441948480463135,0.00038528890870501,0.000152307949390288,0.000606471852472071,0.000645666165147854,0.000178247458736398,0.000770455777168408
0.000459580217419926,0.000529331486264721,0.000418502472950351,0.000445825903739063,0.000159292792632386,0.000159406048162006,0.000355277812733406,0.000415885897219952,0.000132647156814061,0.00019579376521224
0.00226804182367597,0.0002815036257297,0.000224914610529128,0.000991965331488628,0.00084198147187925,0.000284840634187916,0.000804123432335089,0.000564204155841396,0.000351279454671006,0.000829120093598638
0.000213483761568173,0.000319721462065196,0.000451460987849664,0.000191606189117431,0.000249645755435196,0.000586489535251088,0.00129317178500273,0.000643235156802747,0.000825687985943393,0.000688549714025127
0.000727596665363925,0.000334593410932995,0.000154242941749015,0.000562142498038023,0.000220399271345206,0.000135648104603524,0.000697264347229568,0.000544186360272962,0.000273808898003753,0.0007518664585199
0.000360599661586833,0.000327314875923668,0.000712152397628749,0.00033208604536424,0.000628940268492637,0.000388354420378338,0.00190250940643336,0.000385438678497037,0.00146560886884105,0.000586656157268031
0.00108744081827981,0.00033313792357592,0.000809229490839716,0.00157082770988149,0.00058521814219224,0.00027196921722991,0.000305327523088683,0.000715588034628577,0.000856515909196095,0.000964016879940009
0.000624371671670694,0.000483780862767611,0.000677638699046368,0.000466235519275769,0.000652874563010896,0.000210956294541068,0.00028634228721341,0.000428564800351551,0.000364226128003268,0.000561582560764717
0.000165081085596848,0.000473103207514858,0.000624678652790815,0.000533331004575157,0.000249596350681696,0.000147905659440146,0.000437312606804296,0.000468345807202144,0.000857108286583267,0.000601790912997002
0.00107536832845523,0.000204544018918995,0.000222314609701903,0.000238853685150907,0.000604634675393357,0.000345954407321085,0.000729337103356717,0.000709400305826831,0.000727849278512177,0.000734279878510355
0.000501696159745589,0.000451919776602552,0.000473058503072583,0.000607973071708453,0.000548286055964309,0.000413487298928428,0.000170620376334692,0.000675847318301767,0.0008491849446286,0.000395676480212317
0.000443170964258376,0.000165171044915543,0.000858933918527763,0.000408458490525595,0.00043453739898014,0.000363294752963548,0.000275465751334991,0.00037366571268803,0.000557624136625087,0.000808962986205965
0.000258016230574002,0.00010050120996957,0.000221205192211531,0.000362441006240918,0.000650511286204948,0.000253408409833692,0.000404612995566214,0.000268826136101188,0.000643186023866585,0.000428986385384837
0.00093913012617991,0.000353170684351911,0.000584196725922185,0.000496375447549481,0.000344791949060707,0.000369478719629963,0.000387125328911624,0.000635023148906438,0.000713486545787731,0.000441173588098837
0.000944679237752076,0.000349805919079323,0.000347877648732627,0.000605623286444662,0.00052150662016288,0.000288127669969167,0.000716372189957649,0.00023026039804366,0.00057558668994684,0.000716506679082262
0.00116797641959142,0.000476046240601167,0.0007095153054934,0.000169288841447862,0.00011257701777423,0.000366573510914152,0.000676734878975905,0.000398932871677257,0.000530096147465856,0.000205950593708402
0.0013887477966996,0.000253010389222679,0.000412228682636935,0.000457392078937268,0.000586814945160439,0.000216156613334321,0.000897844804561658,0.000642288507078322,0.000214391203128989,0.000758375308549659
0.000495907483779018,0.000282020029351491,0.000368979608739429,0.000406389836858852,0.000284816764880505,0.000269207213110307,0.000185322486196221,0.00014683191377404,0.000810526588467057,0.000391582527330676
0.000253097925502258,0.000134582320604119,0.000526289020880591,0.000443851110131135,0.000616060238951823,0.000256108292303336,0.000665774152031604,0.000409506541870485,0.000413139658476151,0.000813918176025626
0.00041139661842176,0.000506982029209967,0.000678408127234743,0.000867250661725848,0.000239536566405117,0.000268245461622524,0.000509402486029186,0.000196704220439335,0.000632150355240751,0.000924332922367846
0.000276086246005355,0.00036742963370763,0.000730125263884149,0.000485358375757852,0.000150693242675564,0.000392974036067285,0.000473211427478526,0.00025380269471755,0.000321089031242222,0.000691533554265511
0.000950878245698592,0.00052234484061742,0.00079647907755853,0.000692818868952,0.0004807530735902,0.00019831959304004,0.000687076202678573,0.000469528453241599,0.000610639515487403,0.000865702965480396
0.000785293267784106,0.000160409439799652,0.0006960902849521,0.000651508755727693,0.000592553269297589,0.000433691293952249,0.000433338410594465,0.000215542203820162,0.000829793349204617,0.000888881123057586
0.000196804630956723,0.000492429390411523,0.000240972343806025,0.000773227834282007,0.000155229246764482,0.00049722069936694,0.000174762492328803,0.00044438620897348,0.00013099571799555,0.000536890002768013
0.00063393732232061,0.000501052577040963,0.000759220739102517,0.000328402268007175,0.000490533777078578,0.000316235611664122,0.000350551832435719,0.000257872865341464,0.000865179873401872,0.000217042546399342
0.000807496824464127,0.000154105683180058,0.000393868740895587,0.000477578552909272,0.00062496045402662,0.000266770843059788,0.000446326231272013,0.000560463903185275,0.000278547327540637,0.000875418117089195
0.000858007671935394,0.000389956563873373,0.000374106470877546,0.000634077359925622,0.000310282456868728,0.000322424903081084,0.00017815833700917,0.000532130970926033,0.000547008040448503,0.000816194892499476
0.00069725289726733,0.000665050895025477,0.002424833732316,0.000548564284329527,0.0353844986990007,0.00219822989299627,0.000362084872562144,0.0290893680311252,0.127221349175176,0.247588559313437
0.000663166155054564,0.000484858045970839,0.000385405593395394,0.000326390537292751,0.000576271377960552,0.00013101688433963,0.000632930667301068,0.000547111850547302,0.000204878747705141,0.000772948918394082
0.000886686343705376,0.000307472907981797,0.000249504073493455,0.000547822408271478,0.000470773935553588,0.000355289820708512,0.000657000099753937,0.00018534556128138,0.000845246533688117,0.000341174441357327
0.000559478670413001,0.000518045527798112,0.000595108244223779,0.000485401621440662,0.000440665787524955,9.22142613939147e-05,0.000695183591023541,0.000340177119739845,0.000720408321562524,0.000890314701060794
0.000732429685544876,0.000280414535087204,0.000272283507700371,0.000621634779073384,0.000275043885291733,0.000399081250382574,0.000712221653887299,0.000345675803588779,0.000300306635147217,0.000302035034928071
0.00148816975934158,0.000533830747837347,0.000512112721951185,0.000502748230029666,0.00030977014364637,0.000420566227055607,0.000684543238918249,0.00701631868868479,0.00064382105150396,0.00170041082422512
0.000418675856857755,0.000406973856062019,0.000328142320692556,0.000758639692464994,0.000595876193202899,0.000298369740482429,0.000461250435527005,0.000544689841676592,0.000146812862334299,0.000655295688695924
0.000185709805318199,0.000531565439817513,0.000223119279185521,0.000818694300078187,0.000327249615528296,0.00019315695846902,0.000726130966856247,0.000343501662803792,0.000713225028356571,0.000810967465994061
0.000250730789678698,0.000490661035574133,0.000579402967433958,0.000483563641155436,0.000508856781527216,0.000253419153660191,0.000455777167079924,0.000581072528687172,0.000603371320245675,0.000498658229537639
0.000346914060941892,0.000475274540208907,0.000566528138497733,0.000716070601279945,0.000412542883122426,0.000160010736352353,0.000726191175726572,0.0004738497001882,0.000416929086890241,0.000797031519448799
0.000785907364350171,0.000159392963323488,0.000609266561631606,0.000851524784186251,0.000474824179751567,0.000419244288203615,0.000302430187789339,0.000641922838327425,0.000384410488011385,0.00077300088649253
0.000297092264248113,0.000125712685434841,0.000172311848892406,0.000507641836803806,0.000175730367525608,0.000480529070963845,0.000716834215746721,0.000690648590244063,0.000683257360595272,0.000978061481581321
0.000674118640241519,0.000502304439853905,0.000771473243573458,0.000732260459943301,0.000464510809279701,0.000431459036420108,0.000425488999142789,0.000208412401713596,0.000577254305549535,0.000555346561411541
0.000827151626641776,0.000313285388729203,0.000454351505530803,0.000699226531259611,0.000179210585385544,0.000303531192928653,0.000552451966394127,0.000382558701994818,0.000278642939560735,0.000968915510289011
0.000430634095831838,0.000325526253271482,0.00075805088908921,0.000838151647804868,0.000193108127553362,0.00043902741268858,0.000317852272138654,0.000457167070411476,0.00025667102561019,0.000750257372385221
0.000211396548092628,0.000257817608888756,0.000521630102691709,0.000844899249763543,0.000607229479607939,0.000399819078680887,0.000395883346223909,0.000422699330540495,0.000543367411975743,0.000590041731021774
0.000388642606387931,0.000139896123444156,0.000330801105253509,0.000717716994448044,0.000287842389068172,0.000459922350092659,0.000657927768151895,0.000505866582513969,0.000533511060693082,0.000584284340648427
0.000524491401902813,0.000135027509469801,0.000272130556131398,0.000372276357837494,0.000634857778497303,0.000364686973557906,0.000511631552899692,0.00036937179089464,0.000245341561551993,0.000306062511027081
0.000716646748391127,0.000423321263410748,0.000594367788933552,0.000417776525609429,0.000222268288323146,0.000411353684367343,0.000182316445487263,0.000462239097894836,0.000767275378472471,0.000478800440902525
0.000640320698621562,0.000323552598760853,0.000189336512615738,0.00019257892417742,0.000649344560128559,9.41060524459318e-05,0.000727543145024318,0.000400572660342162,0.000546620460496384,0.00096058601071647
0.000894827066370445,0.000204797799402916,0.000370484964545749,0.000170560212512092,0.000424696852834028,0.000544971165392028,0.000655605063673675,0.000273479362092892,0.000885143846885064,0.000754843212142084
0.000547470259999446,0.00024257132270955,0.000910801952667442,0.000574355882545207,0.000389506767928133,0.000544093639553392,0.000709098604767027,0.0009083733551572,0.000726030065042577,0.000914006075435481
0.000927713316898345,0.000248451302775318,0.000555344540607344,0.000165320223559648,0.000498890576524391,0.000205884414525649,0.000190514683279278,0.000697825231749042,0.000453853654728986,0.000859073941648561
0.000395367850542433,0.000109735570766579,0.000191687015034635,0.000677259573756017,0.000388111632383796,0.00050310268183972,0.000513842832512477,0.000378307525793671,0.000267949692806417,0.000413132478288295
0.000947665412138266,0.000433045393880245,0.000214071568133927,0.000247742536773032,0.000435975540068778,0.000378442518146937,0.000326678904548364,0.000649600238152913,0.000351958570391866,0.000589810850006398
0.000681766334825869,0.000428310987814043,0.000525298285454611,0.000619664070732026,0.000595463989712464,0.000353404935603905,0.000424204681253401,0.000490596769285686,0.000583336432269678,0.000845108717616335
0.000779139692102203,0.000424238509664644,0.000459695979427623,0.000629204397765066,0.000442044591012436,0.000276333326904659,0.000506924169122915,0.00069936946911364,0.000230527204041619,0.000597767660824238
0.000675596864427709,0.000417148127272336,0.000496911438879493,0.000779833437205549,0.000634477596725946,0.000475709230240851,0.000670691002247074,0.000184111821992026,0.000570048684073726,0.000326434890709448
0.000264815668716388,0.000356390848987702,0.000184460770892446,0.000386989243911646,0.000417046193380632,9.76000918395931e-05,0.000247016367071325,0.000504642236545851,0.000635038181132386,0.000635555801296375
0.00102250439735925,0.000486082460476549,0.00067613940425195,0.000182691260225752,0.000458038348143548,0.000366321993490141,0.000769968021381858,0.000375238173744115,0.000734902057560261,0.000307747877678345
0.000388351794770852,0.000123846707356387,0.0005040656908546,0.000577671729174595,0.000458223669119326,0.000319041656546162,0.000477885774082353,0.000224717788620012,0.00018684036441265,0.000153066145676269
0.000337947338941851,0.00029027281346711,0.000327325228930277,0.000828140965200027,0.000475358275323402,0.000464176827981787,0.000389636362979415,0.00031929180624264,0.000190691473932756,0.000166690956289336
0.000692346160785925,0.000514524998938649,0.00105157057095503,0.00061681338166014,0.000653140770716648,0.000229574588856933,0.000210733230918761,0.000661419626296602,0.000642119594873903,0.000237344741921365
0.00082915643799327,0.000419623706800177,0.000643849848910421,0.000453707017545293,0.000590825122065863,0.000458998174685955,0.000193644412492807,0.000343709768974036,0.000452952085204944,0.000822319110403173
0.000473830836936651,0.00016729829808595,0.000415698829136486,0.000682580921716885,0.000245720576622131,0.000500196501770524,0.00073896252743214,0.000504574001904103,0.000507167523011732,0.000625840170188804
0.000227176645852003,0.000277627165546584,0.000180683277782234,0.000706063724103228,0.000416040946011588,0.000443803798878544,0.000672892336360018,0.000309676468182533,0.000634088476698974,0.000167334062203092
0.000409908215698276,0.000355364300784826,0.000656411983491556,0.000819807593962782,0.000615183251473226,0.000148295081009799,0.000369273181677582,0.000598793987833506,0.000714564809626695,0.000332530763848894
0.000255679990396804,0.000473001356375964,0.000692362001597309,0.000633680771558492,0.000260100023928928,0.000250816261930007,0.000348921045381177,0.000562159274779944,0.000165940839611442,0.000209336053914684
0.000352763456795704,0.000445837437227821,0.000768454025951204,0.000844087404288767,0.000636719828757128,0.000436288375366253,0.000263363540590502,0.000328893688228692,0.00072162769003334,0.000160011333157476
0.000637092816253415,0.000463455256189332,0.000301527429713773,0.00013718939100152,0.000518750559989427,0.000374717042652098,0.000370057693464875,0.000210544332392382,0.000207011980719212,0.000255993995105399
0.000194362461204085,0.0004581659759969,0.000161976790850184,0.000688457433850258,0.000472959506793533,0.00010971787785584,0.000385694395964188,0.000649198750092683,0.000681883840921811,0.000712018394164571
0.000446917481413137,0.000380957386587852,0.000808705891485776,0.000583601585696543,0.000214598888027014,0.000214292546348635,0.000566534319650239,0.000237026341757754,0.000430544220206881,0.000361170614861781
0.00066430307418635,0.000241706777651635,0.000491516186309648,0.0002406702751224,0.000582295828890223,0.000121971968633572,0.000666527415548266,0.000359566914385951,0.000565464093770335,0.000847893543513223
0.000318256106745502,0.000351036564131884,0.000316384538367646,0.00057848022886644,0.000181110542778558,0.000416067970177948,0.000569144507151571,0.000414012115835673,0.000257585578455731,0.00122297134590584
0.000706026775873205,0.000465633255154924,0.000176085221158246,0.000410147764736802,0.000619400626326582,0.000337881506048351,0.000670605603376714,0.00047367645095081,0.000713187437086292,0.000941953936469118
0.000739358693195408,0.000530165814293309,0.000396325318303093,0.000734795062871113,0.000140414959371839,0.000404330419914694,0.00051367118977815,0.000555833730945894,0.000431873480127254,0.000544869003735435
0.000897949691033325,0.000172992602968852,0.000602994706570444,0.000549286633861376,0.000560668649881058,8.65317586026818e-05,0.000682812225502239,0.000686071777038338,0.000172137221340698,0.00089585776773987
0.00038831098529891,0.00655637083570478,0.000410363666004355,0.000533345895922336,0.000399780038606134,0.00576314988407072,0.000230644273863111,0.000463353394986112,0.00203786069187644,0.000285480062711312
0.000769103428708269,0.000265413689313805,0.000349571338095039,0.00137725714906797,0.000347530895499645,0.000360339397999264,0.000521849750884928,0.000737486750102212,0.000411527740000904,0.000205462237031703
0.000953244149308148,8.34812661759851e-05,0.000594510577691778,0.000407922439165632,0.000455744195982935,0.000381499944850848,0.000650631755678408,0.000167849530658185,0.000614475793990115,0.000924487680460771
0.000422617528692331,0.000542346317092802,0.00385416459603952,0.000516970813928353,0.000252000385228132,0.000973477537390995,0.0099868239149026,0.000329161982149347,0.000508079271315877,0.00252552589323929
0.00165306762818595,0.000323418781633836,0.00226569952779495,0.000286228480110712,0.000330763386510407,0.000282245244872702,0.000559770827452609,0.000202361491579516,0.000189116315602701,0.00108268905992513
0.000988114525715218,0.0002608098803065,0.000640305514191885,0.000858842665882798,0.000388319696216986,0.000229470287831476,0.000489474947571792,0.000454564512225066,0.000878950421360162,0.000758833114195891
0.0140641100888026,0.00026442714919604,0.00146250156648689,0.00383073250427502,0.000232111892194969,0.000272157418179296,0.000252789185948543,0.000214298680952308,0.00184662874890213,0.000910215927448808
0.000216747208969791,0.000341670621017993,0.000476459353410165,0.000177776090669427,0.000140925362837105,0.000147010545129163,0.000712979063887935,0.00026525757025675,0.000819974151754681,0.00093625667882577
0.000860418074155346,0.000592864833956814,0.000649541141543275,0.00784028640818247,0.000589933035117232,0.0001718340360501,0.00209669388053538,0.000403900385555057,0.00117437653010966,0.00107358633030796
0.000698838903472867,0.000816809195070012,0.000650293933381056,0.0028613952641296,0.000439025980313718,0.000202210673516535,0.000765582350337671,0.00020354572909992,0.000255264046439822,0.00118546317999677
0.000904361898637097,0.000430843658746545,0.000534104415628729,0.000859301153854818,0.000156035159737342,0.000339500548687722,0.00065298501981747,0.000529144114837361,0.000748112667427876,0.000522893286818169
0.000572503134468166,0.000528611358340641,0.000480578564433303,0.000121246971216653,0.000663401515780321,0.00020643307385444,0.000351153477147859,0.000587577400931982,0.000304143775554325,0.000199404966905013
0.000247726988354424,0.00256994095705244,0.0162447677574501,0.000535360997743364,0.000376770932584354,0.000174599868270015,0.000168056563599622,0.000387419172211077,0.00254305309514416,0.000289506223279098
0.00102095631938737,0.000195291176816515,0.000412581679609163,0.000412993940309471,0.000228299375881738,0.000260591379164418,0.00548038559226645,0.000597624362594024,0.000740084459532577,0.00129016929506058
0.000425670868166297,0.000214704610761846,0.000590341689673449,0.000445160534709402,0.000247731685543221,0.000424163816473935,0.000856468031681237,0.000172274703609141,0.000437325809477926,0.000673965706189444
0.000411897120659614,0.000452087545235484,0.000344169199992833,0.000543305686049105,0.000563363358469612,0.000353130066743385,0.000413546329164003,0.000208872701169557,0.000308759293341289,0.000826077470677467
0.000506869310165902,0.000155181630090177,0.000397813737600622,0.000524672016111608,0.00062821538427167,0.000142060439397036,0.000367952383893481,0.000215736506389275,0.000826568522918788,0.000994333454659561
0.000160414271936808,0.000272531425978674,0.000344195895530922,0.000488762447512956,0.000166683062385582,0.000389167316916403,0.000639100161946023,0.000453379121066085,0.000153432734888648,0.000318553428920209
0.000639290083956948,0.000302204535294492,0.000740415122544812,0.000805663899911705,0.000588600211092381,0.000181956740938071,0.000427442702114123,0.000313601744287023,0.000606084423377359,0.000833978359952451
0.00049772023755112,0.000187745801339385,0.000199951876710248,0.000470099412479623,0.000457968757143538,0.000321053406028668,0.000682441448003104,0.000370840092139483,0.000787831463800954,0.000671306171314895
0.000829439521540198,0.000455743214496858,0.000720636210129224,0.00082920164896626,0.000590881585044055,0.000487480354385034,0.000470371577777823,0.00116191082518443,0.000131384056570099,0.000849546692000111
0.000770152899726169,0.000312605494593752,0.00020567348176155,0.000259398706562728,0.000268367621014518,0.000449789029291685,0.000463992655708635,0.00044741790494253,0.00028982743591513,0.000795532283625989
0.0235153519532575,0.000230218622786145,0.000361971296678468,0.000518354716272324,0.00103141850517251,0.000340714803112686,0.000556331726248782,0.00146674915690532,0.00146670742712898,0.000756530466171446
0.000266223628888443,0.000468529738241529,0.000374237670143154,0.000645301003264175,0.000384321249894598,9.77288170595865e-05,0.00017000989289983,0.00070059402270301,0.000761239364652337,0.000695626486962945
0.000645052196831299,0.000263476648103509,0.000504145412097569,0.000147342873988952,0.000571988643304126,0.000188413308091154,0.000403551950705332,0.000440440655801441,0.000358341824294777,0.000219662782898709
0.000570322277800896,0.000354990808667419,0.000164537683830626,0.000853219556333522,0.000459433259406237,0.000419981870888195,0.000207292738709995,0.000570135567234797,0.000201675895939578,0.000239320447857904
0.000200061616853027,0.000215596764405613,0.000290552028088453,0.000172200488647894,0.000210332936394688,0.000336876997573499,0.000731791964915257,0.000266097861746115,0.00038616473343533,0.000837690121534036
0.000665421448533489,0.000232332669120114,0.000737066130261976,0.000797099387497047,0.000288050770605697,0.000432365278134683,0.000765411959406218,0.000686137401294639,0.00465462032491583,0.000134872080126665
0.000646398149130612,0.000296227509564185,0.000642395450320739,0.00020387703687755,0.000250507407911159,0.0110680962199045,0.000624712649767123,0.00186643981384509,0.000500260371397114,0.00142869629622394
0.000895161039523001,0.000421671765869525,0.000804518689779825,0.000875641305951344,0.000472648285985615,0.000440951289187647,0.000336101943780273,0.00067411488434033,0.000395016195300612,0.000711578328402948
0.000224316729248108,0.000309245315825951,0.00015580259970934,0.00014824477992187,0.000451716180863461,0.000410509230354951,0.000146253055736444,0.000551905774579467,0.000599863502443065,0.000833869643995009
0.000591793876267078,0.000248061652751981,0.000562029471241587,0.000319058237593255,0.00066283427076807,0.000394387017221684,0.000698014886575432,0.00023123054611103,0.000741233603725879,0.000351303418521518
0.000389216738062956,0.000118781624106868,0.000509873454773392,0.000161246267372437,0.000642131940781016,0.000275944962914106,0.000272007715123424,0.001452770655518,0.000322060811135687,0.000670359029763241
0.000498372179700629,0.000383758211474297,0.000689672824281257,0.000270898803299979,0.000520475183864961,0.000448545866124615,0.000155421173334939,0.00014636543648405,0.000448127225690181,0.000661915174656818
0.000866248252088677,0.000377276736006425,0.000583212945646826,0.000711089869443077,0.000308069053853349,0.000278779845187551,0.000527190537022346,0.000429769731607536,0.000302173115380889,0.000582583754639497
0.000340650217931898,0.000413153033246292,0.000312286921453965,0.000409050672978805,0.000331122632839077,0.000118581056023209,0.000185215726826933,0.000345955052481406,0.000123470349087323,0.000113754142832381
0.000202372088419594,0.000133337470875407,0.000419640680448203,0.000250714022068589,0.000590476944597146,0.000319003421474205,0.000690585156064888,0.000482656998589588,0.000597800673696485,0.000400484840127987
0.000730273059639194,0.000447623199797469,0.0005379399117676,0.000738830149882364,0.000363361449430233,0.00048512516051538,0.000449983730307066,0.000154684371226008,0.000496384981332531,0.000213981906241077
0.000798534269359469,0.000117809420277814,0.000184915481969125,0.000265352745617937,0.000470753516890995,0.000475059308930395,0.000239188048484349,0.000526241860755998,0.00052469505820187,0.000941264684429433
0.000306292385135044,0.000185204831613895,0.000569940548735464,0.000766211448752441,0.000652607325414416,0.000467709286683774,0.000120294403312263,0.000345626886865573,0.000835782581521275,0.000264340099630661
0.000665772755712044,0.000296302005757478,0.000689170234868561,0.000227039250137383,0.000115694162898566,0.000259617993301436,0.000363714898942569,0.000287001432625484,0.00063414263328555,0.000870453982115653
0.000794343835093018,0.000445972935722476,0.000329071095963292,0.000420626277902511,0.000212007088442277,0.000462740193082308,0.000616748822309265,0.000573214041597248,0.000589228409141713,0.00067664201112949
0.000816767216519255,0.000419450468849055,0.000966324758020889,0.000912206211002834,0.0029213318400291,0.000342261659454402,0.000752817160036196,0.000565001628125361,0.000953092002631156,0.00106846953851814
0.000868732110310549,0.000483987139958055,0.000519640343741845,0.000502719031616625,0.000320503480347995,0.0001500689831909,0.000122176483737161,0.000205043549565562,0.000715655538798952,0.000223970091238294
0.000919976819669686,0.000370524535039789,0.000383996670016989,0.000796530594757606,0.000289500063370368,0.00021780710139418,0.000210517549398322,0.00057354749905214,0.00074491574756219,0.000830321859948003
0.000697512744481008,0.000372954768594539,0.000480384369693485,0.000489115167725915,0.000317257069177703,0.000271356408992592,0.00070177279271146,0.000273691434615954,0.000277829845203189,0.000751296211400263
0.000574152937313892,0.000409015189386561,0.000774671080309662,0.00042950613158011,0.000484098089295579,0.00050160348576724,0.000374349716448761,0.0001797988498901,0.000647987679864292,0.000304688887670056
0.000940147272770504,0.000183425444469821,0.000471472062404786,0.000712997988300639,0.000609548988290471,0.000440014671799306,0.000443298307142837,0.000569048619671734,0.000797115536478166,0.000850102794722828
0.000339047504162883,0.00042308370925732,0.000315887823514843,0.000324606249432364,0.000519292592486434,0.000453376015413739,0.000602893388129554,0.000563488036223402,0.000666091925176861,0.000499280636842752
0.000467888296531168,0.000358200912727243,0.000379975865374085,0.000687211173452652,0.000452992496032876,0.000222683433426611,0.000669883268408754,0.000143092029556132,0.000851916697182703,0.000847351546393075
0.000880386318268617,0.000299664262167949,0.000329614597604514,0.000467070704078487,0.00054497426506235,0.000231068639452529,0.000704625923817793,0.00056253651683332,0.000143281830659189,0.000862799162117903
0.000853886896965859,0.000286250278764639,0.00035868882895505,0.000290177315857567,0.000249129553694677,0.000429479316887347,0.000582989570335372,0.00039129626816703,0.000203142097797128,0.00039001438384428
0.000487223945359055,0.000216357412404453,0.0011309722178026,0.000255605365901313,0.000575878928212107,0.000174048531581016,0.000342100110635161,0.00266068991215153,0.00849076420131927,0.00142567978787221
0.000403135673639384,0.000421403809496837,0.000550628140115546,0.000492337580852005,0.000397889957864751,0.000371450785066729,0.000399826370053272,0.000604063446016065,0.000662584987610198,0.00024571744515461
0.000561654971824646,0.000151369182186515,0.000746951456168911,0.000304512412932372,0.00022066528399777,0.000352134321288012,0.000215558378673698,0.000644862746927859,0.000789139468567592,0.000205383507592788
0.00022821643020267,0.000206909494121745,0.000193942289100957,0.000382950613736557,0.00854926146906549,0.000163264670978168,0.000156169777205076,0.00039891876635863,0.001187313930523,0.00021760863308344
0.000733568725793787,0.000337396899380079,0.000496867622442697,0.000642136788876663,0.000401682799364882,0.000468912323322187,0.000725544888405765,0.00041480885573069,0.00061541239622066,0.00075356604614227
0.000714110204725055,0.000562182475232134,0.00311884295090667,0.000494952276075063,0.000435801583771078,0.000735997682074223,0.00225672694088258,0.000758767219944109,0.00031394146430923,0.000652780117021796
0.00041860127523175,0.000322214125397201,0.000761842796766817,0.000134601539692292,0.000240482254816909,0.000224385113430032,0.000601299595448011,0.000170092761625529,0.000767416838296793,0.000413049907197893
0.000835283215786874,0.000318171633639333,0.000503258416361491,0.000477915450781323,0.000601742801023948,0.000407885825788228,0.000663313988795986,0.000378347464361393,0.000323758041903825,0.000319842575127711
0.000369304152750908,0.000498104839569799,0.00073318924595261,0.000774340958952738,0.000521696641079341,0.000313464141862082,0.000165777463110892,0.000359237231313262,0.000428092870156435,0.000298529774586952
0.000583500103972621,0.000462351832106087,0.000777336982031476,0.000313001720619756,0.000464270327477389,0.000394792201328372,0.00064430999841113,0.000318311777303059,0.00056245366722701,0.000848743965070062
0.000563412237808368,0.000263125675016935,0.00068546141939924,0.000519226612213964,0.000602122284143726,0.000111942443723096,0.000734622417571506,0.000396142210537657,0.000396394508809354,0.000167362245405574
0.00092982229833981,0.000133671593024437,0.000291717497979359,0.000751167386441631,0.000175348913372533,0.000397173522427235,0.000359120105569841,0.000501527997375843,0.000611522020541165,0.000866382590921451
0.000216704722134608,0.000215974771154938,0.000366037726509479,0.00086609679677295,0.000592074375817502,0.000236935440168445,0.00088922203174728,0.000696894386968548,0.00028640476188928,0.00057902221010323
0.000932379381553288,0.000290793729563172,0.00022369140416039,0.000941845264116299,0.000723792408390851,0.000419281156906155,0.000177860471991979,0.00060744188802544,0.000610627354842488,0.000476985448764878
0.000679396630528498,0.000168430146039855,0.000692854511879144,0.000529074623551059,0.000356372921059043,0.000438883159674115,0.000411628561375264,0.000499208056212564,0.000238541308239458,0.00108576321962616
0.000379566635925469,0.000118581108960946,0.000773424528837777,0.000493461721695023,0.000188788545797272,0.000488780012944183,0.00025875302270358,0.000281504336537473,0.000783386160401953,0.000953368042503483
0.000720376192152535,0.000178543378372967,0.000336583458954394,0.000964998356039208,0.000496667518399822,0.000246928437414908,0.00069429360083116,0.000272804567647174,0.000767860192388722,0.00571865850780502
0.000475536812641475,0.000174340023648239,0.000798088526747083,0.000792524489677153,0.00010653859997769,0.000164512092847867,0.000618110754271952,0.00039892454359758,0.000262066918986548,0.000897995102707238
0.000306200302633062,0.000160337018141782,0.000567936162205896,0.000560158948264446,0.000131016256247071,0.000356183549858461,0.000728698675411644,0.000388920001071994,0.000529144000602755,0.000620870102353123
0.0004959776130823,0.000312626779140169,0.000271469388310275,0.000533433278785708,0.000323336508265236,0.00031650682871599,0.000235307198841813,0.000557387355053047,0.000189614456603475,0.000598647999146583
0.00046439079231709,0.000226899585479581,0.000759291857510019,0.000623754308309336,0.000131329439407804,0.000224310986772757,0.000376862699841037,0.000446893660340115,0.00078019108815702,0.000688867045619204
0.000330848076910959,0.000453667183032032,0.000513817450540765,0.000652850061239186,0.000438240341134904,0.000272206431783192,0.00066714270266794,0.000259181760668135,0.000169185438889015,0.000735170016493839
0.000881205912447224,0.000406753800937421,0.000241919961655739,0.000366503120268034,0.000319090387317886,0.000129691345695863,0.000171743071037485,0.000464342317987622,0.000312130584780757,0.000134604902932685
0.000319428497353367,0.00752918423338381,0.000846304473784606,0.000132334194136136,0.000322389836338724,0.000255103452635721,0.000661653099061854,0.0004311751683376,0.000312980197694124,0.00102062544150351
0.000156515104470171,0.00034272850479604,0.000328980065171975,0.000581645133249628,0.000536552344849277,0.000471537145258425,0.000558110270910679,0.00116859747157967,0.000679137942832,0.000535944815800336
0.000425336062895485,0.000227415325247555,0.000623697223280002,0.000191539034469979,0.000112790812023043,0.000506137769399194,0.000724231635177907,0.000239771459526061,0.000758801159400554,0.000770638580032695
0.000343740170557913,0.000137808133344794,0.000480292774795336,0.000737200550694184,0.000448699666844447,0.000447212687721579,0.000441890524003133,0.000144117958947399,0.000292578671332045,0.000800533931948233
0.000896869519090108,0.000410724913249213,0.000665666224669696,0.000753170547427529,0.000342717278848091,0.000473673781005824,0.000567198508095707,0.000710796118776629,0.000172086367545994,0.000518033315996975
0.000812402456509847,0.000386965857949473,0.000604905249940478,0.000837727816015454,0.000574422183442406,0.000474754308201814,0.000354775190787141,0.000162928014480405,0.0006538600088526,0.00076436416425166
0.000219093590122325,0.000420852011764734,0.000789145574652579,0.000483586410283572,0.000496862802729668,0.000143900726618847,0.00056291099787262,0.000583592272685294,0.00063983347515923,0.000265916182988084
0.000711997423374446,0.000228235197217322,0.000666755113593095,0.000336587937628946,0.000664747634222596,0.000202257798711882,0.000671115692554081,0.0002440480853902,0.000665469691686884,0.00050862939771074
0.000906132197564822,0.000235331838225128,0.000247872215916902,0.000602561334669948,0.00026992228927078,0.000176352709808441,0.000398265480211609,0.00037886493808009,0.00057870979108022,0.000934764932174464
0.00093867570282719,0.000389803167853332,0.000528567931327134,0.000853769438659961,0.000589128926969965,0.00048802552079708,0.000646314385932318,0.000367594538629256,0.000602030024920939,0.000862992877683835
0.000851211563971747,0.0015114196406349,0.000655946784918178,0.000323523856553609,0.0003860850572422,0.000325999679610259,0.000155826550583247,0.000459681474876857,0.00133934855816709,0.000699830663350141
0.00055167538998272,0.000374277391157002,0.000506865852676894,0.000592512839166135,0.000456321899565563,0.000470282695956194,0.000347844118592536,0.000705699723535096,0.000830195468483383,0.000659069304595836
0.000182988082452034,0.000307031499551345,0.000395423621204997,0.00033503251959509,0.000629541625561399,0.000496627739634422,0.000374638576734122,0.000540780489024214,0.000249735410384561,0.000365010845964608
0.000891586947935198,0.000250270609265797,0.000755238806484892,0.000841215938333945,0.000443607728586187,0.000499804298190518,0.000561770885750201,0.000607737819586197,0.000277587522963983,0.000611771858581027
0.000422769849535851,0.000206395467652785,0.00028159085777967,0.00121651172219737,0.00401833085153045,0.000231087080019521,0.000529627425214535,0.00190451677555246,0.00269556738026422,0.00175817002827879
0.000551205855374439,0.000261874729241894,0.000605349900101319,0.000816167763975385,0.000616168328085876,0.000386958684239947,0.000672532396961432,0.000524001336650931,0.00063939467670064,0.000797704903651374
0.00088079538782811,0.000164331517607801,0.000489076256321987,0.000699982505776088,0.000195872306032216,0.000501793711762266,0.000284171362191078,0.000349394308211459,0.000315776953587489,0.000843758555034488
0.000436439876156529,0.000192811012707812,0.00018421167004994,0.000736450791217469,0.000595367619540032,0.000247309532066113,0.000468206172818147,0.000286431977067716,0.000379657771836374,0.0001554492731626
0.000268274960213644,0.000259405445528969,0.000555621452140298,0.000626973755440055,0.000178056126373614,0.000157912413049089,0.000541720564434686,0.000531315402104227,0.000562971692487883,0.000836913847516015
0.000908328192731296,0.000352165626345686,0.000539050183020903,0.000774026809800951,0.00049455812665166,0.000423086251811854,0.000349065319389657,0.00030182054998905,0.000548453438092046,0.000694237196050867
0.000474495433811615,0.00017734933092285,0.000750850349082242,0.000297427571399656,0.000416651500405055,0.000296956029138625,0.000541152160782857,0.000648440806894228,0.000363649913014104,0.000649865341542727
0.000584484853291768,0.000136211445878754,0.000511175649884976,0.000370600077724042,0.000645892511971537,0.000432780806780825,0.00063763798588974,0.000531805850401671,0.000323242448632368,0.000498600438469524
0.000762576115258416,0.000105115066746017,0.000549274670990123,0.000680605259350501,0.000308463438084144,0.000308603507190717,0.000301581145746048,0.000555873078067127,0.000849969869111518,0.000797852337655764
0.000233318238934589,0.00269204389448672,0.0257671481649033,0.000264148360339021,0.000949655497112558,0.000349448405760431,0.000202606387730192,0.0142524298846595,0.014317325218914,0.000502054580946154
0.000947670760603197,0.000204569397453108,0.000492245305545934,0.000710418644360586,0.000455379570356235,0.000327101242661071,0.000554473316549699,0.000708413806469341,0.000575071503620593,0.000423424440123927
0.00073465157488244,0.00337001539131165,0.000543690601281329,0.00083745310886016,0.000409925575892112,0.000218217532553566,0.000223444358525443,0.00164725954544916,0.00138692019368435,0.000494307481933779
0.000506551003835941,0.000405515931232092,0.000708470731852363,0.000438654554508013,0.000566599326267185,0.000180373311232882,0.000420424596040317,0.000669552069130638,0.00045262412328459,0.000626141404894611
0.000647863956991901,0.000503256973336274,0.000611793098980682,0.000871019281785403,0.000328524024000125,0.000467026251584056,0.000118605926317758,0.000697987055886672,0.000209074452625594,0.000174835332585852
0.000997748823672818,0.000165424968277944,0.000474788985923696,0.000193915975904052,0.000987016456938248,0.000280073220439619,0.000214480420158633,0.000414483795343627,0.000624975631484078,0.000174885292957467
0.000261072713073104,0.000400091061683432,0.000619657104924227,0.000638273747277908,0.000204487998720239,0.000143806295552263,0.000616108775435566,0.000711940698010887,0.000431523021890525,0.000605475641899666
0.000689042669730869,0.000298368977340924,0.00019315124477851,0.000616382067082942,0.000581727108663736,0.000384803889951825,0.000733903370957217,0.000213566124681233,0.000468307672127285,0.000220031399501322
0.00093897385005153,0.000139316506403448,0.00065480933203713,0.000169995200488101,0.000419529590254787,0.000170819941771811,0.000164595050143199,0.000501132251228811,0.000590149500856221,0.000945820901794422
0.000393045608113981,0.000318966724324226,0.000196669208920631,0.000465107248043688,0.000468296520853027,0.00030489964019869,0.000704818544308396,0.000362812412493728,0.000857578553694818,0.000492301325699802
0.000531327529521729,0.000363588189358911,0.000753709423542382,0.000222762817972503,0.000350015086629768,0.000123438208680003,0.000727824081883656,0.000504137356967299,0.000692516710349132,0.000624400842657019
0.000848933910468076,0.000410314544614544,0.000808532363949496,0.00072901268585973,0.000176729549072233,0.000630276343458616,0.000875180704704383,0.000783893873723509,0.00134970518811101,0.000551159508028259
0.000308972595830721,0.00024404029335164,0.00545876494381268,0.000467793160151858,0.000670322261076252,0.000241155508121502,0.000168402388980832,0.00437054623904702,0.0217180410362986,0.000666164201996458
0.000161298169511346,0.000443163103158332,0.00047510046749945,0.000489898750638937,0.000492764537431745,0.000373000933759335,0.000588511552023719,0.000539509431199618,0.000822741771738717,0.000766101687684637
0.00068395357345382,0.000440012769558872,0.000313183144537567,0.000700900409431099,0.000182626434573069,0.000467541042247224,0.000672637019892135,0.000315949467272783,0.000571435138939394,0.000436459506042082
0.000444863235613259,0.000171553533472128,0.000382065333895941,0.000152715348701319,0.000167162555939371,0.000204908227836611,0.00044700581390671,0.000492608357120074,0.000696942289265055,0.000440449213050379
0.000310900417294415,0.00050872156626731,0.000567621628781994,0.000474116076306462,0.000321506156709575,0.000135394366618106,0.000477933251100811,0.000385213894272517,0.000233364001165105,0.00084573713366059
0.000593289336543354,0.000463208879858668,0.000352410066362779,0.000538685927254906,0.000214372912564676,0.000328166186078419,0.000659668183450586,0.000388570934352928,0.000620117924106443,0.000190438668269012
0.000250394586645602,0.000457490766584777,0.000222920740573596,0.000624252597814024,0.00030564630262798,0.000507344481561505,0.000604728223545549,0.000262721999099688,0.000308920232784397,0.000908080341735582
0.000928725760101513,0.00048764712951499,0.000197118322887615,0.000797790678923452,0.000652955405565436,0.000411214801721093,0.000685435868449761,0.000708833044034503,0.000536915753931762,0.000668252524198383
0.000424078019435164,0.000330970268211537,0.000250179373534816,0.000828406467376629,0.000398948422436121,0.000192817301387851,0.000439905791887234,0.000588860457666786,0.000310750159056455,0.000724151110361587
0.000783334021166175,0.000530841334898172,0.000208340327902535,0.000156617053147775,0.000464485589163613,0.000365125882477361,0.000580602905874097,0.00017865817824983,0.000755450442299907,0.000844375135447542
