0.00350774728123315,0.13157031727622,0.00235480568577578,0.000463250105711561,0.0738445883984105,0.0389850736787881,0.0284816423193345,0.0782548393542874,0.0332705528151148,0.000506235071901163
6.72343233722876e-05,0.00897353128381254,0.0185839577845642,0.00514380800471183,0.00325269761924955,0.00159948791350883,0.00203422976834215,0.0541326686710384,0.000875564616876942,0.0153817616336683
0.00296031877043085,0.00250401145263467,0.00143030990026904,0.00301430947604747,0.0021285916270952,0.00294365029814955,0.0015285574833415,0.00320868029051066,0.000210113443611529,0.00222721333585369
0.0343958704295146,0.00165166361659454,0.0079809289760488,0.010227905326371,0.02585002690769,0.000495682706482625,0.00338657601799903,0.0926795596349858,0.0041562899175507,0.000659254021537845
0.0393056966100698,0.00453261326492447,0.0141382504642629,0.0121162560359862,0.0283919221554939,0.000632407104809509,0.114155913708196,0.0497292895603128,0.000683794266329639,0.0420840464935806
0.000731938746090308,0.00121334108891295,0.00243159693158284,0.000308535725114587,0.00334502747600434,0.00576305060599691,0.0026999454171399,0.00413708725149645,0.00241691515553192,0.00288888237081428
0.00343391290354332,0.140271244636107,0.0010576541258914,0.172663760345916,0.0437151802798685,0.0322602118045436,0.0193959464615007,0.0718260808797698,0.000921308948687567,0.000242537242649526
0.0199240835210854,0.0562528404350463,0.000197874432342945,0.0171680087648663,0.00453037196304032,0.000453068332392257,0.0495482552506319,0.0017629003271256,0.000459163239633714,0.0108363085796676
0.0158469684499509,0.00020350595142056,0.078455930459551,0.0212499066609481,0.00110435147379973,0.00209044001771993,0.0051452175608243,0.00177785560199446,0.00340642027596054,0.000890364706679166
0.0482517928450462,0.000355673202123263,0.00182010291022429,0.00287331206846526,0.00438475009257025,0.0565488858468113,6.56884563176469e-05,0.0561824509884107,0.0551814047397774,0.0653310109782081
0.0220146511123239,0.00280799601913132,0.0173320573490201,0.00579235812662787,0.00749047412661322,0.01630184445195,0.090080388316348,0.0120099574554248,0.0185138050548897,0.0102232262741179
0.00301346144257137,0.00086778414089635,3.94977239568446e-05,0.000964311341138368,0.00712080176433489,0.0246186825392146,0.00309593020960316,0.000147611638240746,0.00457104866616736,0.062290737711322
0.0182620349780545,0.0025520585657737,0.0326717409730085,0.00253585600490868,0.000608810512918997,0.00543473502345445,0.0138309853006909,0.000657359436462116,0.000892073276383194,0.00910386569107526
0.0216439473539764,0.00956868940960619,0.00805292262008878,0.00511126663181004,0.0313141005224732,0.00224920331299848,0.00969721757641549,0.00123068081373337,0.00144979137432656,0.00139189073581234
0.00177037697586031,0.00084398535631264,0.00394523136633081,0.00260501603929608,0.000626893986892953,0.00109608607101757,0.00143654797096449,0.00112165608755317,0.00211826558814816,0.00117733166456604
0.00149337332999861,0.00441445248407672,0.00372212204057085,0.00205785005043415,0.000591099461908939,0.000330676523766807,0.000312996448780408,0.000391090609652056,0.00160830432831768,0.00203445691669189
0.00140377375298377,0.0276604792234643,0.000476322935071335,0.00182840101146777,0.000688574342280144,0.0178699940016047,0.000725519660741295,0.00110156968235664,0.00233712633714667,0.000330890633689204
0.0307985037143214,0.0102589799972157,0.00586154823724294,0.00136795628724532,0.000395776812583771,0.0783909365209648,0.00730383769662767,0.000398190946937961,0.118237956009044,0.00277035155649302
0.00147613655072807,0.00233425161561551,0.00127796883830127,0.00316754424070719,0.00136588365128813,0.00276415232292538,0.000107931416865137,0.000450878664122872,0.000818781696299444,0.00100417549468383
0.0158996626534553,0.000816639193092105,0.0071506725846647,0.00390301537109285,0.000693032174586469,0.00334360374311889,0.00513469013294333,0.00202490947677659,0.00339260739453027,0.00238726043189923
0.0229688297755293,0.0135931027351459,0.00187788396252257,0.0105384989244245,0.0544390692653813,0.0430361480287772,0.00753106117345714,0.0216772124750359,0.0334205396572409,0.00497317718346875
0.0227940559905423,0.00114270522338729,0.00071269511793835,0.00207444339046596,0.00148417556039276,0.000890373181630542,0.0159535266189491,0.0011798982166555,0.00689065263909807,0.00328681565546248
0.0103454218691732,0.000782691557914356,0.00222228349805556,0.00184265119682779,0.00192426992237279,0.00189000259190979,0.00166262747657242,0.00215827822741985,0.000839223422380129,0.00167438243751652
0.00110021761708029,0.000421371002734685,0.0156319093467242,0.017908182417393,0.00550491430838011,0.000508071878514694,0.00348321889018805,0.000461068910680749,0.00179264033520562,6.6158140303436e-05
0.00608718637046575,0.00558011992724701,0.000466038766837621,0.000755272836573431,0.00272150593934402,0.0171041304540947,0.0185582980786634,0.00644911009588118,0.0131346106274945,0.00786909196778706
0.0247423561334197,0.00114988533421781,0.000955863161500709,0.00562345173308814,0.00774683824967834,0.0391486406273837,0.00302641311911034,7.28846778356566e-05,0.0120243412954939,0.0126144063912945
0.00111578585558645,0.000270724480338076,0.000401340138874336,0.00608567716750113,0.00134972683099468,0.000611267568704699,0.00149944383992274,0.000898295361309491,0.00284298016074228,0.00441768290864228
0.00325284426045775,0.0135978423533652,0.00240433859599723,0.00192064537825891,0.0046560594337325,0.000803640986949365,0.00109351160482273,0.000297347411018946,0.000337049385091762,0.000855550557283936
0.00172863714367258,0.00232450977065501,0.000598509510284534,0.119648239102242,0.00101527146993643,0.0385229568839031,0.00224248618593953,0.00179158326834573,0.000656934399523931,0.00221474405544831
0.00164834644926763,0.00151213134552905,0.000575286345324971,0.00169524246440523,0.00212341445567051,0.00245525081426959,0.00202173859122309,0.00137828362817258,0.00138121618956622,0.00288677926332982
0.00221145618972408,0.00053296197009488,0.000413459609188312,0.000694273414339372,0.00353521121778768,0.0030570309456624,0.00238356783657415,0.000463610149281841,0.00323948448057052,0.00184072897586371
0.00208407091103612,0.00169135035683447,0.00151518417046032,0.0020721672733473,0.00354623176239348,0.00303487408677108,0.00201287053043946,0.00226509476581542,0.000143297823314482,0.00345085996670394
0.000493555177173081,0.0019458919259391,0.00200636878987891,0.00284752719259024,0.00224226554777248,0.000358969313749593,0.00159160949291689,0.00280428021886539,0.0025782236166355,0.00125348119485434
0.00136498992614451,0.00424406968353631,0.00159429731746729,0.00241697413201335,0.00477200677439468,0.00114972416709291,0.00272976110199576,0.00185747544638875,0.00253543429601487,0.00138284332077158
0.000701682690632216,0.00193187756792533,0.00160798283824802,0.00289485236163742,0.00268283983445102,0.00135953049337125,0.00209874894155464,0.00344710324560197,0.00150233252487484,0.000138508255892197
0.00112998625762052,0.00322915788578895,3.79410459959659e-05,0.010660557168693,0.000899331518464971,0.00107803518277369,0.00134595643747751,0.000629923762231337,0.0116144504696082,0.036211759659185
0.00186296240784198,0.00173951811097481,0.0293071987410171,0.00927897235800479,0.00145432457764557,0.0104853251535076,0.000236237176749621,0.00169235790617294,0.00107783299914887,0.000698884227633185
0.00980571976755429,0.00160847008120314,0.0123589890500919,0.0013036349976809,0.00137699536975006,0.00968137107987633,0.00396636631481911,0.0155237564676158,0.00103621888587571,0.00449834335977927
0.00475312966291659,0.00399176202763307,0.00179376517708342,0.00152755636534712,0.00196370247433363,0.0045637104181944,0.00224837159791574,0.00445782207814638,0.00192976703011175,0.00106508875861796
0.0030629005932587,0.00104187967518074,0.00150143368668163,0.00294736868746661,0.00259705137296883,0.00295491499157381,0.000618533858904459,0.000417102985252777,0.0011668012389211,0.00287926253925927
0.00215455932703661,0.00151783919399592,0.00326510285741826,0.00173204723530449,0.0028368531323713,0.00124774783031749,0.000898768860690274,0.000975747367940677,0.0013723200452845,0.000807154352312616
0.00102152661954858,0.0023576836574136,0.00482911979254795,0.000689730395051817,0.000338962874388926,0.00168079530790778,0.00842483495978813,0.000813488890735542,0.000979166562288972,0.0124397503401739
0.000848676421823435,0.000599868071707404,0.00230080896686098,0.000293262782970815,0.0292443773494339,0.00256421634715695,0.00135781077228581,0.00113574676061201,0.000644349122798364,0.00118349903396436
0.00887463695184878,0.0151567387248353,0.00549168855715897,0.0020697668202707,0.00411104868346604,0.0014384999989497,0.00211123530252281,0.0008012141248041,0.00297577378133371,0.0051708301919804
0.00103048118684917,0.00111196542679256,0.0121945929815372,0.00399240394805927,0.0020303532731668,0.000758291866565219,0.00161907798029201,0.000733331410878359,0.00170456432566168,0.00447110553973117
0.000539130965798193,0.000728952197841609,0.0060053163266721,0.00133136238744958,0.00311862475998464,0.00485758390691006,0.0028498718659258,0.0146374855490965,0.00121511518173813,0.00390645126668419
0.00769371023361062,0.000482057493415609,0.00214056277597024,0.000856435169845073,0.00387991063306001,0.00139349944446105,0.00242133495582945,0.00239860607536571,0.00251954227883408,0.00290250344537129
0.0428603655061603,0.00118655746357914,0.00102854727723738,0.00223727232309022,0.0445640059798486,0.00142573728335886,0.000815832778848995,0.000789440644555652,0.00149147880328588,0.00363642401526066
0.000173665050889082,0.00443642951719638,0.00598564664267809,3.80062291621008e-05,0.000244269603047055,0.00178455253069653,0.0049932636000869,0.00135597088676905,0.0167940364021956,0.00077819485250871
0.0121606874323919,0.00272154978425035,0.0052993537876476,0.0023090557215127,0.00405581365536882,0.0229556296841028,0.00395639533979588,0.00464369407436593,0.00125462011371016,0.00831364008904198
0.000189072899406073,0.00608427631120488,0.00374446443732211,0.00164616612927149,0.00133752766339146,0.00281070433112363,0.0015294683612131,0.00133021325314105,0.0049508330955027,0.00153689674174748
0.00767531236686233,0.00284687212436966,0.000841063485651996,0.00195910238108168,0.0113982774167967,0.000771040127982352,0.00471011864581552,0.00053784069996425,0.00692160845593038,0.000732142625101404
0.00235860812228708,0.00247064026117542,0.00366615757375773,0.00124599888174112,0.00248202151863565,0.00242909916754747,0.000475903440585042,0.00134077689566,0.00242822326269432,0.00189254465328003
0.00336937631297565,0.0055396372487642,0.00667677223794448,0.00250094528849438,0.00126685869271579,0.0013369522901066,0.0113993650059109,0.000805805460743236,0.000268094089602024,0.00672888393246241
0.00188710216629284,0.000127033911147784,0.00248052100469652,0.00261044138293924,0.00226409208412738,0.00134669824601903,0.000939674619052042,0.00155854747101623,0.000726510230426407,0.00129862716231873
0.00133279610110644,0.00154177404711254,0.00140662324259961,0.00275283765534929,0.000320487498338119,0.00116964301451028,0.00157771285853279,0.00140661556054703,0.00263320961543345,0.00185083269318807
0.00281341608134817,0.000455796961235755,0.00122303280490529,0.00135089052376774,0.00105526795098086,0.000315770699496291,0.000574798357237645,0.00204305219837865,0.0022149585135033,0.000520252405020447
0.000544456806975975,0.000553273060732633,0.0014038333210993,0.00189107601704501,0.000138663443761435,0.000566400895650103,0.000660804149073753,0.000490240413261226,0.0203478260160446,0.000454391504816544
0.0135288451638587,0.00100446728309886,0.000515773382419104,0.0063512165572537,0.00188900192117302,0.000564614906599925,0.000756642120494878,0.0010160631788021,0.00178354878075084,0.000368831386234571
0.000324803397412144,0.00150822394720887,0.000178423940245951,0.00225207056510055,0.00128594229030584,0.00161570523020142,0.00320841637457734,0.00239431748495921,0.000408476908280965,0.00212333672429935
0.00225241132807159,0.00165173119559389,0.00357845530953549,0.003305580965199,0.00194109646902825,0.000974119212957076,0.000171614062946832,0.000435898774231512,0.00185566767604624,0.00067441771806399
0.00170293411589832,0.00208231635453669,0.000935602936745057,0.000359830907268143,0.00326354282828725,0.000828216281958073,0.000705817314684707,0.000445011194257191,0.00244043116041994,0.00347821636558054
0.00146935227403046,0.00021024381726253,0.00178827008789659,0.00105055052970267,0.000269000341809996,0.00132159253239856,0.00294273668207242,0.000457569056552986,0.00135499224044871,0.00380457313532937
0.00297374957071888,0.00135047194983919,0.000591013147459117,0.00300034477965116,0.000888255758060955,0.00178794156853653,0.00124627412465912,0.00236808050012179,0.00203239611000788,0.00314650602302469
0.00232667969451375,0.00264215838961948,0.00257921281118796,0.000935668653755997,0.00171910282905003,0.000435356035250532,0.00203810025050674,0.000267770458534831,0.000918266630377111,0.00181179728616543
0.00134961649829357,0.00199281377962481,0.00236764497173471,0.000787302791265595,0.000374982944749526,0.00066807351625249,0.00044762303703832,0.000149531053696557,0.00194364059215554,0.00318742137796113
0.000967531859746117,0.00133952392021414,0.000649509673873317,0.000441299190075949,0.00287904451721907,0.00209183172477248,0.00299323724849582,0.00198884726168179,0.002506715242129,0.00233029356281888
0.00921411710837412,0.00083975232899462,0.00619922594239263,0.000915364509661489,0.00229878758094241,0.00124674500318174,0.00172200092134848,0.000533309327625471,0.00668652389257992,0.000163477845871454
0.00740238587395984,0.000965291729831011,0.00333948128016645,0.000434911893577367,0.0030348686919678,0.00368298562564061,0.00133386109298395,0.00218627244522676,0.00435743159295878,0.00263963420594798
0.000831239327115809,0.00296483605307985,0.000127772065902459,0.000672020881253139,0.00189643823236686,0.000587662978531195,0.00214933405618529,0.000578204958654387,0.000616440768086616,0.0013050259990078
0.000437774037965707,0.00091378853543485,0.000768654975066286,0.00317456913962448,0.00018334361369133,0.00313280527116882,0.000116064148695724,0.000420652257556764,5.03744518347156e-05,0.000639745095945074
0.00178670595297642,0.00232131274222469,6.23589868125028e-05,0.00223174323865908,0.00109843724330378,0.00283836824540831,0.00208828010796517,0.00294192517992151,0.00253264490392328,0.000649852752083717
0.00210233274920333,0.00299861349343921,0.00211481432800711,0.00313598295100809,0.0020286540376665,0.000112943578679497,0.000570789253501604,0.000112214238719101,0.0005032288036504,0.00236048943336128
0.0026449214119733,0.000700519709550021,0.0314882705870004,0.00277148039151001,0.000491935992299515,0.00035675853489264,0.000643673962531526,0.000458471353337144,0.000441845400169021,0.00382183999889436
0.00437188715601781,0.000459420599103677,0.00360192352356782,0.00196102351823817,0.00284980463047095,0.000545161817826929,0.000837838177381973,0.00191325072822854,0.00321820779855533,0.000479988722799079
0.00299686602779827,0.00197493765948081,0.00280395243528095,0.00170800882645566,0.00151117197499805,0.00231185110631883,0.000220938476033043,0.00160942255817361,0.00235331596137801,0.00279239039684403
0.000570953721609283,0.00188182766102131,0.00312467027041504,0.00104296639615095,0.00341522086064029,0.000179095524504342,0.000706385281636423,0.00170515711795179,0.00263429441504242,0.00309188281434732
0.0028920143341354,0.00287478329686052,0.00247994255044763,0.000878817771891547,0.00237113226830925,0.00235100729884091,0.00316181102178973,0.00171015980960648,0.00218674362633789,0.00300645762974779
0.00236071727082748,0.000391461459000438,0.00233997602436502,0.00306210591173888,0.00261398233778166,0.00252765324649678,0.00267561975114577,0.00140263501581296,0.00350593734146243,0.00122686069186108
0.00211315083110138,0.00246809708565072,0.00020475219386754,0.000812767163046719,0.00221375057506749,0.00246296493418449,0.000206852393161394,0.00238446404210367,0.00138393162101238,0.000431466053649891
0.00197334121422424,0.00134327217546095,0.00109316398781758,0.00229215486056364,0.00383906855741983,0.00240163982233043,0.00323830689434521,0.00128029378116791,0.000767342727774176,0.000800134779213427
0.00169785148707577,0.00244334186807255,0.00239429217909808,0.000205583239419339,0.00224237645069339,0.00285332351059077,0.00273598590347013,0.00168862491216432,0.00341437295778654,0.00262472628525451
0.000390735573700042,0.000245188777371768,0.003583640273897,0.000803169811873728,0.000573825907151885,0.00210570400447732,0.00295322579972832,0.000961633457585189,0.00236680386331415,0.00263484611893906
0.000620842962305215,0.0014878799428479,0.000118981192680648,0.00236614194450208,0.00197778998911871,0.00287169637443416,0.000824560939152803,0.00295549978613281,0.00187213218268762,0.00349808492073369
0.00233570699876641,0.001321132374231,0.00031563525042061,0.00209376694099754,0.000308126501118262,0.00184661626920023,0.00223614154381848,0.00256193490147706,0.000851697191918632,0.00143842899344514
0.00108701160416686,0.0037885074826283,0.0022586599808219,0.00183000887702807,0.00363139311123423,0.00096733434344528,0.00328016630195791,0.00133876428793939,0.00237063504346639,0.00220899817683553
0.00390573028025645,0.0117216998444336,0.00169148491934114,0.00102405783323824,0.0029899494248798,0.000875553244833483,0.00171321734719421,0.000579576049423517,0.000386331834208387,0.00190538749065951
0.000158177957789277,0.00186678202882446,0.00320801249842547,0.00203881556621316,0.00155866404646684,0.00215906079422245,0.00125996167836233,0.00192162112243258,0.00261752010729977,0.000907903168778926
0.0026651746577019,0.00231048183416868,0.00284545280591794,0.00297659928540729,0.000514882245265515,0.0031428941759793,9.13033839565223e-05,0.000888533127919446,0.0025890771653314,0.00087412236001203
0.000783144846235386,0.000448663957471543,0.00436873056970803,0.00195369730641515,0.00269879548704925,0.00320205026397487,0.00278297867292558,0.00207521254593954,0.00295184134260434,0.00129336437911687
0.000170610806664986,0.00127328543585443,0.00381749944529427,0.00278999766819841,0.00333714913596172,0.00181321631496619,0.00120032076007001,0.00190419666921092,0.00205306587521329,0.00171941124484607
0.000519109061507155,0.00238739594395772,0.00100255470801254,0.0020520564497935,0.000729297846804332,0.000751187458482782,0.00328503835416005,0.00268154532434219,0.0013327298395592,0.00330870492961233
9.66846860127775e-05,0.00320269775372036,0.00209128577207319,0.00253288958813288,0.00270728408983063,0.00198336283645792,0.00178434546758144,0.00238431121030602,0.00182423606375894,0.000253773572086026
0.000453243536909637,0.000104533880326853,0.0003727474378807,0.00304418004954985,0.000672274136527136,0.00147899321207236,0.00136656946891754,0.00251234264753843,9.29511983957859e-05,0.00153300055727863
0.000689604293286136,0.000997271809646114,0.000521602291913952,0.00059464527915312,0.00186356984716041,0.00995133039620429,0.0080105312996201,0.000145047408703496,0.000555495461817693,0.00145242627915326
0.000940524666822262,0.00264728889788099,0.00156942378396316,0.00307327883684624,0.00216328892223793,0.00230115210308727,0.00102991960024289,0.00021016940656107,0.00073958001869983,0.00296727382925332
0.00483078271176277,0.00174581036148425,0.000496662809092156,0.00114136791638904,0.00139182234789233,0.000825633679984658,0.00209383528196367,0.000571981396640065,0.00199954188316646,0.00162067837172361
0.001922101142376,0.0038667817672316,0.000732348138440207,0.0010706657590546,0.00138740330126724,0.0008937091989718,0.000528119820879244,0.000644534460872147,0.00490007138855157,0.00757712699441146
0.000184058130057407,0.000129112572782811,0.00251334808326734,0.0011349571083154,0.00378909861650546,0.00122202764714174,0.00066401154007487,0.0014108973251921,0.00247984861467232,0.00102180164030466
0.00146993239184147,0.00225166924488971,0.00116212394645188,0.000119921768008613,0.000107139498861454,0.00149489858404594,0.00030630832462196,0.00309174699468679,0.00128288028087135,0.002390608349963
0.0010175582709346,0.00140303848390164,0.00382642232259889,0.000639017678349429,0.000546350710247814,0.0010507540489669,0.00292284854002511,0.000647849116981431,0.0027605301359655,0.00731128197632591
0.00281766043248097,0.00286820737992953,0.000335144214614158,0.000537661620796254,0.00102997084185091,0.000892887393411089,0.00047101506858712,0.000912753604981703,0.000487481448181374,0.0014693405479609
0.00281735368903904,0.00289387400754001,0.000443606298079982,0.000425429919834035,0.00285855911092846,0.000858117262960781,6.66924141812689e-05,0.000173871076395657,0.0016450921075463,0.00171997352072969
0.000504066991070902,0.00280693702960492,0.00295273335634141,0.000415056032880611,0.00300902573997662,0.00120791757748972,0.00129267524181556,0.00102293975000834,0.00339793116289789,0.000366592692855851
0.00299326149785291,0.000504017111279552,0.00961615009454893,0.000905755856573503,0.00621934634059446,0.00596075270447311,0.00134702352723234,0.000976486636597211,0.0036927101775533,0.00228423034041724
0.00202466049086332,0.000903874240924628,0.00264001829657652,0.00315716665430721,0.00352410211701538,0.00189777992235068,0.00254510982909157,8.23324004374186e-05,0.00251056003710197,0.00257878381505938
0.00231704446531448,0.00306388842651844,0.0037234076562934,0.000235930699393821,0.0010845642744293,0.00200433613249571,0.000461698589755901,0.0020184755280861,0.000673299501125104,0.00203256515942526
0.001946026020485,0.00240531891532283,0.00087176093938934,0.000514079369240943,0.00296670318928484,0.00301250198305321,0.000640539860852789,0.00276336485071087,0.000417843143461963,0.00260105272069118
0.0023392290906315,0.00116642847276767,0.00228517601152237,0.00109429268585836,0.00211911808663889,0.00283222409427928,0.00632040082809546,0.000565218385829394,0.000690657255960937,0.00112509812955107
0.00176187959093028,0.000608963842609805,0.00466185375443434,0.000986390287324264,0.00296286864872513,0.00257349261687506,0.00577502815448837,0.000680311120320003,0.00665925350984927,0.00154009427107017
0.00019939216499239,0.00178151848513615,0.00385709346827623,0.000793300207642552,0.0020250822457536,0.00253357603204554,0.00315635574245555,0.00145182429073039,0.00317761099225736,0.00280371575835487
0.00193340149721196,0.000824619080961973,0.00141518312506883,0.000126063908223879,0.0018042144523558,0.000862249391237976,0.00158352515805909,0.00046556650836238,0.00198910743891502,0.00284871740217586
0.00169211898511355,0.000801163257750036,0.00185790062074776,0.000189238096983256,3.43380301678375e-05,0.00303717575997751,0.00320249970164401,0.0029115833301701,0.00130900726691193,0.00150792924386466
0.00244728100510525,0.00317671815509097,0.000815603524405072,0.00125093244171271,0.00371763454469669,0.00230639847752154,0.000374489672503486,0.00178936845047179,0.00160136749534069,0.000537442079008241
0.00082683835409823,0.00321375180158282,0.00297157051970942,0.00138769383216521,0.00123946488941172,0.00121637409749583,0.000158163844828212,0.00316460151773613,0.000340055927898061,0.00244954691116249
0.00189279042044823,0.00214001882871923,0.00348865885779212,0.00250771875521277,0.00358312380558486,0.00268148889229511,0.00335620039797243,0.000895098770950691,0.00362523854860808,0.00103837060234765
0.00180437585825727,0.00244576629016598,0.00110563265414217,0.00234712423577033,0.00368218233458943,0.00189716328623378,0.0025022806471355,0.00171448147465803,0.00075825427543989,0.00148283576777308
0.00294572316392058,0.0024961990318657,0.000732762220304948,0.00273273080929809,0.00281344365347434,0.00135892779370433,0.000584341827077905,0.000880572639957912,0.00264800660542693,0.00223190539071899
0.000255831918863234,0.00204832108733517,0.00308613368856742,0.000145960074338354,0.00236246694348664,0.00174990320347078,0.00139637405186052,0.000289695093000461,0.00352357103976248,0.00217185588845521
0.00139224879449454,0.00118575395059723,0.00218362525499192,0.00230845981346123,0.0010525994209503,6.79633055040247e-05,0.00216908628483161,0.00131281697229307,0.0024767301672337,0.0008077192201781
0.00254986281090532,0.0020825522204875,0.000830216905268963,0.00318099135713138,0.00354150563274032,0.00234740326544766,0.0018958492611015,0.0012825012300976,0.00231978004096125,0.00247963612304415
0.00190291990798635,0.0022133055889794,0.000323482481594068,0.00276257602315918,0.00129241067768355,0.00192965442494517,0.00113624505471205,0.0011585371038202,0.0030676962839671,0.00130340141432934
0.00195815347314155,0.00146352081664307,0.00160008854590188,0.00128955692381949,0.00293752610668451,0.00105342141629941,0.00270244243777721,0.000244017623848013,0.000959541923783228,0.000920670952161777
0.00304425057946212,0.00307211703004125,0.00396834114263417,0.00260781420559577,0.00132616395241496,0.00016894448983371,0.00304581391582958,0.00232496887598164,0.00106740238412825,0.00208695800951249
0.00074320990553569,0.00149125665099395,0.00331355610896498,0.00190605501832884,0.00229557304353279,6.74868389248293e-05,0.00156974560828763,0.00258467192457924,0.000256807856823064,0.00212378843486398
0.000537406614860921,6.07278847247734e-05,0.00362469949811939,0.000801296309801417,0.000571168240955828,0.000621627258861167,0.00299053545886284,0.00255115010583182,0.00191387972636932,0.000651698243996578
0.00279175749620893,0.00228098619951225,0.00326434037138729,0.00271839267474236,0.00312844298720427,0.00248732621855596,0.00276666682944496,0.00181139697125693,0.00322782034034981,0.002177045220013
0.00115947429440578,0.00247527207576246,0.00110370103975211,0.001360290988004,0.00113014627360911,0.00174225935747956,0.00305066674330389,0.00273367160907188,0.000350379210867742,0.000157406147026768
0.00233522112484524,0.0013946410499406,0.00197657317716703,9.521253302422e-05,0.000250889582756667,0.00246117660837188,0.000423377479061648,0.00234640116776726,0.00273746523435266,0.00213441627255795
0.000680058030461483,0.00198216292028165,0.00366708233223769,0.000408820533760214,0.000919039298791606,0.00138177250146538,0.00282557551159754,0.000273849908014486,0.0023919091234343,0.00279984376531769
0.00101744564126748,0.00252672676406222,0.000270125412483077,0.00235251291363981,0.00206134987724609,0.0027065715457875,0.000443544117516199,0.000743372082344319,0.00343612799598983,0.00270979927371621
0.00192682667382874,0.000289452632822078,0.00406801583672293,0.00249728607725676,0.000931240855803537,0.00131491139821751,0.0028506139274757,0.00133978911046598,0.000387970922456239,0.000796721754601449
0.00246924089836495,0.00162479555608656,0.0033272544123872,0.00222634336339607,0.00144551352982586,0.000187632041181479,0.00334738626005981,0.00279085086356102,0.00203546036906004,0.000842054562080251
0.00275666924302006,0.00244398466115488,0.000177245974346091,0.00212483095979259,0.000522839421301346,0.00197313644488424,0.00135594280844623,0.00307930536105927,0.00363831069487205,0.0032469307801479
0.000119518531327734,0.00250579451183041,0.000306443921890233,0.000572161457235304,0.00140220289606372,0.00131311917754491,0.00132884054697354,0.000185713264403077,0.000937841940798623,0.00273655961146601
0.00222517909752674,0.00053862664814106,0.00104587795626254,0.0029606413458537,0.0036612905857586,0.00234517290306389,0.00262692833810504,0.000413427990925999,0.00119831305802984,5.95351809769781e-05
0.00197041061829425,0.0030102540738865,0.00164855463898549,0.00145813169017243,0.00356625416667061,0.000297410544965335,0.00297038972215627,0.0018187103391818,0.000509580752561995,0.00183711866779623
0.000669819930234033,0.00104892393571575,0.00177425521745831,0.00223036000827355,0.00238711804570947,0.00167833728675098,0.00300656002596747,0.00265142134613006,0.0027112960405022,0.00034623473057776
0.000751251642776912,0.00237276435415059,0.00399675725677969,0.00171742395607861,0.000662953313580796,0.00209511753467401,0.00273783782895526,0.00195789151498955,0.00153104759815469,0.000587562739081802
0.000364127883373566,0.000483690245318979,0.000109304663313441,0.00208399858994371,0.00218522747647483,0.000446937651488521,0.000196578769837547,5.61219143507747e-05,0.00143620801835103,0.000834766355373067
0.00166947014027608,0.00115073409801472,0.0022093090808326,0.000587471470108452,0.000269538501873854,0.00289113733901604,0.00282248188127811,0.00305794703126923,0.00267482021644592,0.00188884153069516
0.000409545305123979,0.000989632289545042,0.000912567100164278,0.00165851083824781,0.00376120530535871,0.000767583665357706,0.00100509790774855,0.000982069130516671,0.000228273384133495,0.000713842035143473
0.00298786004901622,0.00161928788028431,0.00249564898495006,0.00189322629079699,0.00318841964416888,0.00274673057128369,0.00210435659598919,0.00148527375790023,0.00147432626956551,0.00269141445571166
0.0018078895799685,0.00168429801703636,0.0027895451986494,0.00144002564570397,0.0011890795294713,0.00203031526608299,0.00123049890394571,0.003142734224086,0.00247781993530783,0.00227268799855308
0.00128727012888432,0.00124664581923302,0.00369279847961934,0.00103179951154123,0.00193851680668742,0.00170921866687648,0.00227347406097671,0.00241737647475085,0.00112654341346049,0.00123214516640486
0.000489515132860511,0.00284073466669735,0.00312086701787594,0.00133524851778115,0.00214618814653968,0.00204474653772278,0.00203069263620433,0.00203573456200657,0.00118332941684011,0.000433308581332297
0.000627133941475872,0.0019890824554168,0.00120539452408745,0.00147036316245881,0.000414225717863553,8.15181807205912e-05,0.00108060271313508,0.000551743894097859,0.00233943453877927,0.000353764498316505
0.000870208878450404,0.00291763057948686,0.00330321522139322,0.00160077735659563,0.00137483746976036,0.00102740678917992,0.00152673771978018,0.00151289625962459,0.00309073444117758,0.00190432051102204
0.00299852708179597,0.00170831374749073,0.00237198267765422,0.00230794976668951,0.00211475799067107,0.00116192280801816,0.00248858577679511,0.00113963024623975,0.00130638568181805,0.00325209837030211
0.00106331770465486,0.00167814555632313,0.000828413467709723,0.00177460640740757,0.000905818377556619,0.00107398062144402,0.00157142985352652,0.00277545888335739,0.00362040694357679,0.00211509045583601
0.000947068925529489,0.000961659751418973,0.000874329211626553,0.000113442145976398,0.00271444725726129,0.000699196622926128,0.000468538785954224,0.000503655005745985,0.000501475624734116,0.000854046240212331
0.000793493970966979,0.000100922718697563,0.00259909203643066,0.000672876310400172,0.00272134796523829,0.000785067056577864,0.00285656158592904,0.0023924970701691,0.00304168939752122,0.00180246256425966
0.000398179192626478,0.0010729335204912,0.00161360892506075,0.00161631306864311,0.00175593885284761,0.00192470721861754,0.000161157341351717,0.00183264073340847,0.000529170376906543,0.00263814369554599
0.00142351559083962,0.00284659210613737,0.00402893102437057,0.000487826382650756,0.00173325119040486,0.00197364872664092,0.000626722332006685,0.000980828186196959,0.00140604539583856,0.000518900393877419
0.00159306448306213,0.00311860759282374,0.000469918757689712,0.00080285293215574,0.000191711893230792,0.00199660076221081,0.000718327571525908,7.56889345515739e-05,0.00249768715525656,0.00251709418210038
0.00182069042844104,0.00136185870477203,0.00175315269752162,0.00241684540260313,0.00361278159732025,0.000133410962666193,0.00119973633536986,0.00182808734815649,0.000944546959931204,0.00261549312044767
0.000329074135042352,0.00283163465712092,0.00224875682321341,0.00328118766824573,0.00102872778156542,0.00311707330161373,0.0023479577991834,0.00158945110316409,0.00352381362138642,0.00303279375158621
0.00271316203258237,0.00213172667468155,0.00377268322425384,0.00230213548065351,0.00342439657164656,0.00197540726206613,0.00235118280768657,0.00227048692709632,0.00289473351482843,0.00180862730840983
0.000416489997354264,0.00293835210612474,0.00339930690919816,0.000305656198594248,0.00225271795903088,0.00105818805207112,0.000821272960983084,0.00178662755780883,0.000846015238550553,0.00295060591738868
0.000609799126625315,0.00149103997241946,0.00152677145261599,0.00221241976612307,0.000536326326408851,0.00160117496792035,0.0026658574947164,0.000296759988789167,0.00119088470833392,0.000294648366616186
0.00144083177909292,0.00301166568741894,0.00180630145889431,0.00312221521880448,0.00237727552066159,0.00157386000319505,0.00223730864732284,0.00294192457236518,0.00359394742910438,0.000895327058341404
0.000576979465611902,0.00216608178669612,0.0013590852840767,0.00129910995105374,0.00221448200216635,0.00310580976320643,0.00225965857245708,0.000278196619455096,0.00355071412143187,0.00178343519294133
0.00206377883048425,0.00130491302845164,0.000837139786967486,0.00330862995134135,0.00319971064835824,0.00254776600745026,6.76599136702896e-05,0.00167839728526684,0.00285933779555301,0.0015872562216366
0.00125506061094357,0.00299618963320305,0.00184046159894485,0.00152446916161126,0.00339167250989851,0.00232729063983022,0.000772035429178689,0.00144196463817461,0.00313441718698835,0.000205016721839718
0.000818084266097337,0.00261650153744667,0.00353095575579316,0.00282038294685602,0.00362281250802892,0.00188674551836979,0.00230985722540756,0.00210480304572534,0.000472006091734655,0.000124308299760669
0.00142599825716577,0.00278056523159751,0.00275866465741241,0.000985641939793196,0.00390068932034679,0.00141634810788825,0.00170137025749022,0.0030087295856323,0.00070155203155548,0.00178826390232281
0.00161444080390466,0.00107451493319223,0.00377673669085224,0.000674874731018884,0.00148800328294934,0.00229291591044712,0.00235526198882785,0.00176675293977471,0.00261079918873942,0.00242612753625035
0.000253484767819005,0.00113694707411013,0.0017854285281443,0.00349656212916538,0.000666532730670779,0.000960324392169946,0.00266257164979033,0.000651623633154037,0.00271784292151764,0.0015896501974651
0.000731150863587457,6.52990320876215e-05,0.00389441497015385,0.00202156188909342,0.00285164714310775,0.000746550826637111,0.00229824366325259,0.00163528802803361,0.00233274683151814,0.00289818418573266
0.00222021162843881,0.000425365604220679,0.00127884502292411,0.00186625475894625,0.00172759779772578,0.00150670330024298,0.0014650615332278,0.00304796258943714,0.0016531072048276,0.00136809998693449
0.00235205629833856,0.000891731071856555,0.00328377047346428,0.0013296351383913,0.000448501614819568,0.00276303366021397,0.00198307290924947,0.00143665181686782,0.002203594223701,0.00325764434531266
0.00232803129277891,0.00182284070243588,0.00239756434658298,0.00091685363518223,0.000840464225832431,0.00199867658282337,0.000717475474962006,0.000417943269811412,0.00125546806231763,0.00338140122444868
0.00103548649424819,0.00212919696134521,0.000802998500005419,0.00100551747588465,0.00213125460176677,0.00170957248599575,0.000371862713165633,0.0023602049249064,0.00343816254000256,9.72057187467212e-05
0.00298823151482876,0.000423427582408847,0.0010857069605163,0.000223176957848507,0.000749243480343667,0.00284002173585551,0.000408084788866489,0.00187858126357494,0.000492212925663182,0.00127092188399062
0.00247124049827759,0.00224117200355824,0.00303603685527928,0.00127286009840909,0.00197040405253138,0.00294959382488642,0.00211059039975288,0.00310874022411931,0.00201902209213424,0.002470662743819
0.0190881747015686,0.000332491170712067,0.000693637990232059,0.00464851205816773,0.000687999630175394,0.000840495575749033,0.00115681908934545,0.000349626221255479,0.000439537592668051,0.0926006894143557
0.00201344665655195,9.22403964036939e-05,0.00172005948101309,0.00324092287824567,0.00365984969614527,0.00294722412969309,0.00166300828117141,0.00190125709766158,0.000863197450964538,0.0023393216729733
0.00155813749810296,0.0003156567299359,0.0015661266075917,0.00235087640429837,0.00336606459846494,0.000325250058181691,0.00331118078879162,0.00321120514697248,0.00123981198887034,7.87411478376264e-05
0.000970217256513731,0.00281494601248998,4.73736251204995e-05,0.00306210214637674,0.00210235673723683,0.00118081572887868,0.00335470816142756,0.00183819294478138,0.00296681436177492,0.000134285879047067
0.00174229274849964,0.002689373940065,0.000463785053127849,0.00284906901214629,0.00292406454792736,0.00124941851385115,0.001601219105664,0.000386867154256264,0.00280522516599342,0.00132690665738656
0.00260106845704166,0.00145341069256628,0.00280877073831614,0.00140009239107404,0.0021913929154429,0.000536370872437256,0.00128228674812061,0.000752721133789166,0.0027185908089186,0.00231530260048954
0.00256948936958952,0.00233155687735062,0.00212073784894379,0.000831843376105549,0.00146894731045223,0.000776410106528759,0.00248007366184296,0.00180946709825171,0.00324826898352214,0.00335051565521624
0.000842250858525569,0.00258839091246144,0.0023092055807512,0.000394777022205011,0.0016030285986009,0.000872424255237155,0.00309068329692354,0.000153408540783804,0.00281309961786329,0.00338613781233638
0.000218331948264194,0.00205141526949266,0.00103936868550736,0.00235919395772025,0.00227551925441878,0.00256374310010682,0.00115906670605064,0.00158506330384262,0.000780108615429492,0.00282241914996539
0.00288566826501116,0.00258724171786277,0.000374932012708602,0.00327327013437145,0.00194279591456405,0.0002636825786701,0.0024288155651297,0.000943211549788874,0.00303162838528665,0.00129020760850131
0.000398242314713301,0.000378897024386203,0.00352182929433422,0.00168023649511013,0.000426326472894117,0.000544573248969783,0.00150694768516925,0.00226252952373778,0.00115412205042957,0.00275584409299444
0.00228301880513558,0.000699531957209444,0.00155306564253405,0.00170256706396423,0.0014548704509274,0.000956041512457267,0.00300511144593116,0.00107428715046578,0.00286083818079657,0.00264147759129762
0.00207244628814644,0.00188192675486022,0.00156654168763056,0.000675907863046308,0.00250810959526695,0.0026762991774573,0.00264507455607124,0.00053589357092689,0.000214426537639459,0.00312464190515165
0.00139871553541546,0.00025329902474025,0.00069088289830228,0.00235349681025196,0.00198000250700494,0.000944926674601951,0.00123948582968522,0.00316785412569787,0.00310393940585232,0.00295855508005754
0.000477544731659402,0.00105566398303931,0.00324302790281754,0.000566308439843924,0.00120203951703885,0.0014178493617903,0.00263659716231012,0.00227357623781399,0.00335553416795721,0.00129526665598124
0.000163218821016432,0.000262067644756419,0.000906569944125516,0.00118064201225583,0.00193689212649904,0.000966376671037419,0.000877840813181466,0.00138078207880986,0.00285598688784572,0.000914834435638557
0.00125582707779955,0.000255894882568109,0.00358017712285641,0.002887779563448,0.00052218124884219,0.00153207500173306,0.000164547013267373,0.00140138640702658,0.00358774350172859,0.00329868133380434
0.00305084218741455,0.000246035527121334,0.00225386857681186,0.00171912781428795,0.00367852259864243,0.00259257501050417,0.00333182010806312,0.00016363974307493,0.00187449988130827,0.00264754280440464
0.00182316534035638,0.000690912008442526,0.000738499392313961,0.00189200345164638,0.00318039711676971,0.00281819546429916,0.0019311603368784,0.00194956707460763,0.00131585574362222,0.00180648919491885
0.000451090107366835,0.0026721580050258,0.000744516885261814,0.00053377777201905,0.00227838439424368,0.00147715056952243,0.00272006600990889,0.00309484395272809,0.00181804571652198,0.00263195289521519
0.000521179052224033,0.00234182897511054,0.00356420674769918,0.000702547030405375,0.0015635940142667,0.00161481050773826,0.000234620252351292,0.00269937781456493,0.00309370304732724,0.000873500217790564
0.00136067792759779,0.00144583213246323,0.00084555610173056,0.00151792280271853,0.000447631514008537,0.000216714709016639,0.00143783063397699,0.00116047533971273,0.00162204381105418,0.0062716070098996
0.0017004176609563,0.00278553079290381,0.000991849647009529,0.000969702410487195,0.000702356888898388,0.000856348194219906,0.00337939579749609,0.00116327809964694,0.00039587965167093,0.000602024574091562
0.00086207960757064,0.00246648948859462,0.000807619614771837,0.000963376426057364,0.00181514288254502,0.00149884305201453,0.00231665438818566,0.0024156754639327,0.00326389957284761,0.00206163011899955
0.00296311307249298,0.00217481693616844,0.00105123327374001,7.36825590950515e-05,0.000701306755941405,0.00196310563416221,0.00281662719549627,0.00226950144715034,0.00306867619035202,0.00284641178184312
0.00202284893309356,0.00324161356012284,0.000380130807528386,0.00303775392596239,0.00268171926298867,0.00312691644421827,0.00134114418922266,0.000441743351879543,0.00334481114763185,0.000897318468555987
0.000925727956885021,0.00312803115481036,0.00186003251343605,0.00299497245403329,0.000343356412321797,0.00115156589145483,0.000662984492626677,0.00164767055161936,0.00204045424135096,0.00334233298072117
0.00100344991650004,0.002462773812855,0.00396107669044618,0.000690643375368731,0.00317062653780472,0.000547401905045785,0.000629049889827939,0.000805110879718561,0.000362703067510365,0.00266765173290617
0.000252114991023428,0.00305257212144498,0.00234040967689727,0.000286388520796173,0.00101143914145836,0.00260072234352318,0.00118008053723046,0.00287262836527685,0.0019782650499258,0.000680337272296535
0.000746883134037815,0.00106370531157824,0.00395538441030844,0.000725133423457915,0.00134076341858957,0.00237312530108601,0.00224777487798812,0.000143770864365011,0.00243717165296775,0.00133917313130708
0.00223418600662765,0.00037459274106532,0.00296674839016338,0.00203023088382864,0.00314450140586245,0.000611781837023215,0.00321913715819437,0.00193465099140265,0.00162266757028228,0.00113928169177402
0.000697238519595397,0.000131950915258389,0.00257993486664797,0.00195079488306154,0.00293509980437614,0.000680284954657907,0.00195398834653258,0.00259226184743947,0.00264902899417796,0.000736646161318025
0.00295826408196599,0.00151991971110382,0.00253119826871803,0.000363937594898786,0.000838184440350203,0.0012858862544568,0.00191797426207261,0.00119274312964811,0.00267269907935418,0.000817760861128791
0.00272106815144944,0.00182233415634104,0.00232589441975301,0.00239329035900262,0.00194255977517708,0.00215800613573602,0.00298448795722113,0.00261193487337394,0.0012771469173114,0.00085253220672273
0.00304891056634693,0.00210176844776221,0.000626517850560206,0.00229368806606236,0.000604578510781802,0.000250477007474695,0.000537146612033017,0.00158070580776061,0.000318842914918673,0.000659649344224994
0.000208211967879885,0.00241957651297165,0.00317383217284733,0.000197323655558869,0.00158981498852823,0.000226886162358855,0.00308086623144936,0.00109415340298253,0.000871957004675506,0.000787000464006398
0.00308162128877298,0.00153963738232653,0.000197486300376169,0.0019685826520255,0.00304662965561173,0.00272940574561893,0.00195443757242367,0.000839673395180329,0.00143702918220044,0.00336038569400789
0.000578942734899812,0.0010682107876179,0.000693014058800893,0.00311913573872286,0.00207937513564259,0.000142450722891002,0.00330959291741811,0.00101241486012824,0.0015596281958197,0.000319782633097134
0.00121150106834818,0.00180680977283661,0.000660567285937698,0.00100780483900677,0.0034653626403899,0.00188667651914126,0.00210401088408031,0.00209442584193484,0.000301254390706819,0.00190110927621423
0.00107174709835401,0.00221656521440588,0.00147933246230705,0.00168687130900063,0.00332711615832297,0.000389205846097769,0.00285772715731736,0.00168086163281069,0.00257206553827879,0.00309591758371241
9.73045945082329e-05,5.9212117382752e-05,0.00365062661753927,8.26068754691535e-05,0.00233095513183712,0.00184020654105156,0.00274405792005579,0.00119028810328795,0.00362754424820973,0.00214453711198422
0.00189403533769623,0.00208030065549885,0.00302038482744311,0.000176228627258866,0.00186508640670095,0.000982941152265438,0.00322826431883964,0.00101445425806029,0.00224273338361644,0.000176283942000542
0.00105703295761344,0.000406241710684623,0.00333917226142728,0.000666501928211441,0.00105595553907798,0.00252736734469304,0.00329115521635765,0.00278743872376128,0.000413294122143224,0.0026205809784658
0.00228266078164111,0.000118020123722273,0.0029347174789156,0.000354404183126212,0.000939583108338953,0.00144313706586672,0.00104098416349114,0.00281435381635389,0.000157581500429684,0.00251053042054225
0.00115781043960459,0.000914059273968566,0.00400631957638378,0.00190514987399164,0.00190051134872528,0.00193959462841166,0.00274865657164711,0.000641800376179435,5.44761996107241e-05,0.00129045923062319
0.00244885501294166,0.00263365981016939,0.000940331834909425,0.00330115537888104,0.00119400877967441,0.000872859305515561,0.00283264205949342,0.0021713266887758,0.000842315265375674,0.00199480572992574
0.0018091742809429,0.00233695680166149,0.00397006109337823,0.000542574866714145,0.00248177518040863,0.0018939902453349,0.0025144011114186,0.00201912232494539,0.000389974714764334,0.00300197350847539
0.00155710041184153,0.00117357821641813,0.0028988636731185,0.00178816618750544,0.00150102396853704,0.000773458616245595,0.00171909731962772,0.00115574604168002,0.000313497399595294,0.000394445064596878
0.00380879479077511,0.000158612297746311,0.00196939840712741,0.00546040887003227,0.00222741410804503,0.00117433077943355,0.000321342448003765,0.000959107383305847,0.00210163306094918,0.000694297636140267
0.0010598181615264,4.46497972398506e-05,0.00168602403561779,0.000177903766637757,0.00268102418671072,0.00206312386689082,0.00325011916871796,0.00076660847025351,0.00148551836829398,0.00225083289085864
9.26449195139084e-05,0.00175876782457941,0.00169906451510867,0.00329210720583167,0.00282104855829853,0.00136725090935533,0.00293184743919182,0.000867664084919361,0.00274543151143529,0.00289296933876845
0.00638117430350107,0.00027915073190404,0.000824590137957047,0.001884144853051,0.00221467178206495,0.00173633764767566,0.000988173528326719,0.00144355684182113,0.00282033538904552,0.000848492490111651
0.00233194520911097,6.96267568460676e-05,0.00398829746525439,0.000933896121977384,0.00218552562483899,0.00150104242146455,0.00268047685185972,0.00156113694679283,0.0013630481213001,0.00229532656767123
0.00267738363336522,0.00275136466498901,0.00220597922599356,0.00303859942455043,0.000759912074567953,0.00216997992923138,0.000300151345479495,0.00218385638296856,0.00118345020655521,0.00315465740386386
0.00203349352300592,0.00167932285131695,0.000658098945082277,0.00108109496395224,2.86351404954243e-05,0.00121421326830485,0.00205410388209118,0.0018252731293709,0.000906246999072917,0.0024252950599363
0.00172209266265651,0.00394645293510765,0.0225167048264255,0.000623304937533991,1.62421984745872e-05,0.00142648612173959,0.00388824942650619,0.000949180359507898,0.0157648555840758,0.0104697518194045
0.00149381890008899,0.00423114985337985,0.000113474370636664,0.00795833831205642,0.000347380428664753,0.000516411127266178,0.00227452361438035,0.000811073537313311,0.012010832395276,0.000101135076107147
0.00131771620942461,0.000573140645119869,0.00318960742438643,0.00118135099934338,0.00240957677038731,0.00254109430657956,0.00258719882888701,0.00292244019501552,0.000935834126179528,0.000390986645940989
0.000212751031097678,0.00157386894696147,0.00318316365070905,0.00290951324396618,0.00103892266027855,0.0020897955825409,0.00198077421351605,0.0016754008712955,0.00302972322811423,0.00104428634119416
0.000661081297740052,0.000282070884137453,0.00320335923203398,0.00177405174197473,0.00223146125259564,0.00107481096132504,0.0021114075121924,0.00152524045751897,0.00290330406955586,0.00141646688226285
0.0021698967911123,0.00277813150002066,0.00409600815744373,0.00113459647537801,0.000912003037358829,0.00091192680401915,0.00203592241897152,0.00173820594489228,0.00170589193805998,0.00220302190581969
0.00220141306091455,0.000213952173163548,0.00278579456528664,0.000417503437410547,0.000876591504335968,0.0029381925087569,0.002334346979192,0.00249240783871063,0.000246188562378436,0.000828538275565451
0.00306176848394136,0.00138659858305364,0.000173874900244382,0.00229481741640713,0.00238472509492289,0.00306901818936116,0.00139019377448246,0.00159672058200674,0.00206355327100476,0.000432283147250827
0.00227541766274882,0.00100716698928806,0.000615598081766263,0.00149936338438124,0.00115776590551894,0.000800221969750553,0.00198844525665345,0.00190846003310829,0.000667298476060318,0.00213413459725128
0.000720799479010036,0.000664013558349807,0.000753319786099695,0.00228868453196647,0.00255587512190196,0.00115491094013927,0.00226031009471587,0.00186251337559215,0.00153900593876557,0.00246100042257224
0.000363708714164518,0.000437895356430108,0.00372673425575025,0.000204264849360671,0.0011530309388997,0.00103810459185983,0.00119741054417139,0.00267824493142724,0.00235431687248971,0.00297038332246323
0.00139195247308959,0.00322021284495607,0.00207491047187241,0.00296359071518231,0.000738840037112444,0.00230416129249576,4.76668055939037e-05,0.00246249660376108,0.00323329624540028,0.00285329920982954
0.00119202951036428,0.00279098257980581,0.00113070565451046,0.0015850384332416,0.00369089166265426,0.00251156559543458,0.00266539778469505,0.00187787277584335,0.00183021886393346,0.00244008724715625
0.000444906016713656,0.00205283920390545,0.00404417213279617,0.00291453593572032,0.00379468084759037,0.00172899383142169,0.00166513165277451,0.00268508959926988,0.00122304589062319,0.00142213573341622
0.000537651113934662,0.00413941132740287,0.00536890779511558,0.000785629488490193,0.00105963980834059,0.00124296659406326,0.000493619313941953,0.0159148221287964,0.000652035084242377,0.00376168364762975
0.000200921659347863,0.00315926286420182,0.00120151585211092,0.00238755222939652,0.00105570838394833,0.00269638439955837,0.00010401087996255,7.84263641435725e-05,0.00366495862287384,0.00165193007335592
0.000589101802773773,0.00106555471108094,0.000954728899214362,8.67551777374332e-05,0.00136372583018691,0.000601363550568316,0.000106162475576707,0.00244490874776631,0.000513430306824798,0.00266059749508999
0.000864984614306315,0.00312918792309619,0.0012922618005535,0.00111052892834827,0.000429814442258418,0.000403433313873514,0.000232008955013113,0.000526480964572118,0.00321863499188951,0.00180294285372232
0.000797099116762157,0.00240801397877567,0.000811412630476839,0.00303550191331467,0.00219919796187931,0.00115474376724726,0.00103678863252071,0.000768802380032863,0.000786405530419822,0.00304620175305886
0.000938243231222224,0.00010744613884677,0.000766080683550649,0.00146789793190922,0.0017411530053327,0.000554049705488992,0.00220091015415413,0.000800609968795142,0.00123266661785796,0.000541967444946533
0.00154171699919394,0.00198029378132348,0.000754151211619915,0.00313932882868538,0.000954686043806016,0.00128686079131259,0.00223387484189071,0.0026382734903361,0.00199898132559355,0.00217955958345641
0.00270975112109957,0.00158988313812256,0.00033846808218661,0.00108408756390385,0.00156714323219832,0.00286417799898058,0.000443472883586463,0.001491428451854,0.00280345423236023,0.000883302728829891
0.000114138586741155,0.000883326258067303,0.000911511379758005,0.000628756365450738,0.00229020224779041,4.29829476965324e-05,0.00283522584391705,0.00167793982961419,0.0014921020537169,0.00183703367700876
0.000708921086414202,0.000558141651406067,0.0031897860474287,0.00216743799397642,0.00101290792422296,0.00307880761617907,0.00230720512684352,0.00178239940644531,0.0024812464020374,0.00155250695303975
0.000402156081066468,0.00163446955529458,0.00192731112021562,0.000465421559587044,0.00161055136763736,0.000628287023616422,0.00229722590247633,0.0019392211750949,0.00111974709246292,0.000175652162249514
0.00167107330608775,0.00151242882041187,0.0025487249874004,0.00203878026858175,0.000826387106393306,0.00265813022429526,0.000556917778608867,0.0029889275736493,0.00301387570004589,0.00125441253949301
0.00221312110355098,0.00266153084213085,0.00043042957282752,0.0023970041802968,0.00110097063558659,0.000421915371420164,0.00115912714859109,0.00061945463485875,0.00327217515574399,0.0032031524098376
0.00191544884914551,9.58798862246245e-05,0.0027090172688797,0.00224238463965876,0.0032887530003514,0.0023986873891867,0.00109965249355525,0.000552056121457166,0.00179672748202372,0.00145466421349538
0.00180753005294308,0.00117442064864336,0.00180662667295132,0.0032960069985843,0.00022246215431497,0.00152436613451197,9.59019035756828e-05,0.00280981711238197,0.00269544255053355,0.000159003946974839
0.00222274302266727,0.00211200991307215,0.00322597382525185,0.0026441383950741,7.70139334226395e-05,0.00109695717622943,0.00097656988648578,0.00243389584716099,0.00162728827781785,0.003235229116423
0.00235738266704199,0.00182085769907344,0.000769205819703293,0.000510020618217828,0.0018470880841769,0.00174969624126616,0.00251796926648817,0.00187358872281408,0.00254051550617405,0.000959577110201866
0.00232487933969,0.00112296330647903,0.00197616462872445,0.00191472062995174,0.00269118665429127,0.00220894309403215,0.00337204889258314,0.00185627989628393,0.00214940680498158,0.00215251668409187
0.00279870715406426,0.000482177075506841,0.00404006175335515,0.00305911999144012,0.0018556736925977,0.000924143210009878,0.0011351964949517,0.00250565599208602,0.000256869465735489,0.00178371863674965
0.00287352739828987,0.00318327717745558,0.00157305377071767,0.00284883502069604,0.00260373180947241,0.00291729614192336,0.000422250274965384,0.00211687175565489,0.00113722209325061,0.00254000833555221
0.00172108043525165,0.000594513449404486,0.00136639374119048,0.000805898410982594,0.00233384291202992,0.00252695453431751,0.0013409288041571,0.00189308734237481,0.00279499905232357,0.00334719557143981
0.00297241921597219,0.000410130992923403,0.00351788987552669,0.00336419098208249,0.00224146769089171,0.00193929925870796,0.00256961085553087,0.00103977870135219,0.000914667908799351,0.00321824634786437
0.000896451490432753,0.00252251636601536,0.00381307694537697,0.000959713150273377,0.00122080957648932,0.00243002238192765,0.00140236875809729,0.00281691848689272,0.00233822337244772,0.000303877552822473
0.00273657656653386,0.00118450394761385,0.000801696087109604,0.00206762057774564,0.000665028775908866,0.00224390900001192,0.002835016104665,0.000830396202985273,9.49083611593356e-05,0.00147109334125646
0.000354381112671917,0.0027814108652035,0.0032891030725405,0.00233458094898028,0.000457087213125764,0.00154975151174496,0.00214720453304489,0.0001522562448713,0.00141533311217292,0.00189182669716357
0.000559076995421064,0.00222935169452717,0.00113136985414648,0.00118455560789141,0.000904678190285389,0.000621733528737348,0.0011406646567993,0.00244909662813253,0.00347972518444176,0.00216285282705572
0.000971301394604522,0.00149258766290381,0.00300774715883138,0.00333794907685679,0.00259658445312713,0.00126251216975827,0.00257690029396012,0.00149268337808345,0.00226299231001802,0.00196975588185371
0.000280378319603426,0.002742920586156,0.00308938313730599,0.00266537475211962,0.000969942808091768,0.000988601136243742,0.00126436212146408,0.00259072445967098,0.0035198951447699,0.00152304748713637
0.00193137023209909,0.000766484897407532,0.00269885451519519,0.000761239286790561,0.00311415666010162,0.000716347775369637,0.00059569859915789,0.00024943838223987,0.000262303002387834,0.00314842577448408
0.00131438345540158,0.00156589870210811,0.0037449863787325,0.0012658350356297,0.000226212398101238,0.00172470937143533,0.0012378339840336,0.00289223531597715,0.00356152941945784,0.00294406271146226
0.000516671128497369,0.00248250554978792,0.00163340014251436,0.00155337699395403,0.00158497065271444,0.0015564456112331,0.000823865064097787,0.0026275743839627,0.000954309725808843,0.000814600910448703
0.00197803689226232,0.000894647657235589,0.00353329219511829,0.0021059412394389,0.00358020844829545,0.00126055281097577,0.00308165199115702,0.00251851465080558,0.00364695544994265,0.00143699614674477
0.00143136725060696,0.00163366257537707,0.000719424883591986,0.00238034875205807,0.00207058514109231,0.00149437935745158,0.00248256961422063,0.00277328024404659,0.00117824769513499,0.00205749946240465
0.000352496999323954,0.0009859585700647,0.00085404304055862,0.00148237950513438,0.000711911616876336,0.00291800932100092,0.000332215241828167,0.000937509402960017,0.00216688818431158,0.00521763235744203
0.00237056977921365,0.00204630779974634,0.00094296419418352,0.00183461713561002,0.00286605787596599,0.00211602695317951,0.000971729618882339,0.00201945709746743,0.00231307554511123,0.000459691329104286
0.00263907234403039,0.00132369266753223,0.000231777319123934,0.000998314848703698,0.0010204185821671,0.00227076594220266,0.000842895942949002,0.000481907776199224,0.00200954508535588,0.00256891657305063
0.00119876386505514,0.00130609850147103,0.00259860733318987,0.00204484542436779,0.00361679635792293,0.00134087850207695,0.00267342976661587,0.000842875350569982,0.00126049184433328,0.000187227324866699
0.00314040172560901,0.00122307947663267,0.00409419836712925,0.00151594030125991,0.000332710235836364,0.00168055852638593,0.00265602006296336,0.00156450673471655,0.00123359093399006,0.00114825149547372
0.00134575937459763,0.0032292439372421,0.00401935605160513,0.00225090703295617,0.0010506931787249,0.000928745008280529,0.00200514939653248,0.00194050870362806,0.00226134127958775,0.00118733701673935
0.00186278270060379,0.00221926440850107,0.00413999351124669,0.00112272430786494,0.00339537434442794,0.00170663061099631,0.00026719988041439,0.000981808695474109,0.00133015992503553,0.00036551913584832
0.00300198347355329,0.00171886194919312,0.000236931543869066,0.00038199603285939,0.00121978533315437,0.00116835491773558,0.00177500012521725,0.000566413783490331,0.0020777139466523,0.00219345917837675
0.00128775143398317,0.00104770855516095,0.000385250332795437,0.00313670345399723,0.00137377772683567,0.000349214115131837,0.00132506354364012,0.0019662661892214,0.00321777726641524,0.000291332789096914
0.00128123124957824,0.00245206148936925,0.00045972482410513,0.000219735399086178,0.00121966465861888,0.00237868018167635,0.00259549766682644,0.000304538845488379,0.00113484056725883,0.000548001032869961
0.00110220007609224,0.00150973250146772,0.00280144976643313,0.0020421462327098,0.000774575957834962,0.00261932705539928,0.00159188088481234,5.89351777406713e-05,0.00245410102580833,0.000576132551837013
0.000767465708706125,0.00256643394991823,0.00200543666424242,0.000500342257417992,0.000621927403475524,0.00177315047496935,0.00234229166444911,0.00286531406312806,0.00358156370377677,0.00207920436139622
0.00020587432749243,0.000844170682187139,0.00170554359035747,0.00256658230099651,0.00282240206142621,0.00152709200777699,0.00327649734310795,0.00224429966232112,0.00365084633836986,0.00182839450885484
0.0030951887464348,0.00243913661832639,0.000378045225636426,0.00266435432915138,0.00323376145765964,0.00266238877108111,0.00114041772004424,0.00285177866117339,0.00205089005913266,0.003357904688514
0.00218190011347205,0.000349560668369472,0.00316246536902038,0.000457065601851079,0.00337996176814841,0.00289378114667086,0.00333029695716027,0.000507973392720199,0.00204282065346658,0.000426501059079915
0.00127966521831801,0.0031761525295601,0.00202106539033587,0.00262448046122361,0.00108176321413984,0.00265204424199701,0.00249359608281779,0.00161298299051485,0.00217260113111579,0.0017352681873185
0.00257903660404749,0.000386787390614934,0.00100544529296353,0.00272361717503153,0.00115017738774987,0.00266244686785923,0.00177773666216779,0.00196018413508379,0.00103181051652329,4.47323334852228e-05
0.00279771801000036,0.00256045817041357,0.00328221892553448,0.000904440767428681,0.00118993517409103,0.00143110555109078,0.00307451892878471,0.00262208296139342,0.000285319669204525,0.00293826506818752
0.00308655251202198,0.0015326749240386,0.00111140590537125,0.00263681600333223,0.00332748775382553,0.00183821309204474,0.00269740984786421,0.00085563823584688,0.00133946102691785,0.00054742917071428
0.00182319818362112,0.00142452381516709,0.00134393011910553,0.00197873182160501,0.0032146225275784,0.000788276610342676,0.00108201515017946,0.00270172873052835,0.000120758399446344,0.00182037602020325
0.00112981104172097,0.00162837666616713,0.00319172263377418,0.00150002177378132,0.00221399499521895,0.000871975072765421,0.00299288508185014,0.000707031496792213,0.00162285341094925,0.00222649688787841
0.00041008935216036,0.00106920043613446,0.00234560709257659,0.001220274682295,0.000947262889632586,0.00118839138344493,0.00135769515034873,0.00224785383426637,0.00241518683172093,0.000849987670830669
0.00153217506406351,0.00202815726967684,0.0025598499517457,0.000138809160330403,0.000325183798043126,0.000538625813187779,0.00115869242806498,0.0029125561457694,0.00243137403507777,0.00212468096910053
0.00181934545152401,0.000194844052108271,0.00276382598966815,0.00230868755365144,0.00145992856913917,0.00301424498346673,0.00208274312246145,0.00166095332552913,0.00265477816383745,0.000368458482179654
0.00044747321006176,0.000367398224195367,0.000266084770032023,0.00164270475620943,0.00112117628241376,4.0863064224588e-05,0.00258646261162687,0.000319080577228192,4.94374459747764e-05,0.00132954690019973
0.00236520809422659,0.00071020001354652,0.00380830395751584,0.000524307440945755,0.00055133827324124,0.00303786366632115,0.00155896336790022,0.000505596764571305,0.00244394993365946,0.000538468997176904
0.0013948644048686,0.00239835781847542,0.00365154661531132,0.000262346286212442,0.0015443495808295,0.00113298708052368,0.00208977724505805,0.000401251857270139,0.00142117317919922,0.00196734941807956
0.000850440029621628,0.00290617552134023,0.00108242799793299,0.00326964365617583,0.00131555536567605,0.00186009191274434,0.000955441731913996,0.0005378962949985,0.00070018159890084,0.00058488149056398
5.14716713162919e-05,0.000795243754939003,0.00371650443817311,0.00176050746657092,0.0018283038238302,0.00252026097763276,0.00131807009922316,0.00155344007435506,0.00352905684185153,0.00108775949972725
0.00158324348096991,0.0028649640917385,0.00210199048227308,0.00299550044507745,0.00143964702951586,0.00188587062858697,0.00125695208009871,0.00078346829472641,0.00263212604879851,0.00283701104866941
0.00299316257816545,0.00113473108868174,4.39584144775641e-05,0.00130067229922576,0.00316872114109791,0.00294050668160669,0.000636811377291388,0.00113972989129808,0.00255875117350197,0.00171436758022517
0.00179509857021661,0.0021759608546356,0.00286105207150721,0.000220713971801457,0.00215169736927498,0.000956199226470311,0.00327875129601745,0.00247091682920731,0.00154788011423652,0.00165657565991758
0.00141588570574078,0.00125519886125053,0.0023352592224954,0.00229712385539692,0.00206559609336278,0.00301454450122182,0.000336145439032823,0.00278042231102214,0.000803537828808423,0.00108545300295025
0.0017882579864018,0.000168989419864771,0.00318078424662588,0.00336132335632297,0.00374835479390702,0.0006399505626893,0.00177730823812985,0.00206540277183397,0.000470717899606107,0.000163587893983775
0.000579522028201655,0.00267052173763545,0.000403548737321562,0.00149384929884989,0.00313583421935265,0.000385079414398047,0.000277217470812994,0.0012148084758292,0.00215823959975211,0.00109331136901219
0.00205816037005745,0.00112457836063197,0.00257702452477138,0.000966904896055718,0.00313737992913064,0.00272285446117011,0.00283684531086244,0.00260397160000671,0.00250942255042918,0.00121416833162201
0.000245302298132073,0.000262107769717708,0.00394051861598918,0.00254756855006629,0.00120312724199031,0.00221765842820452,4.46908175500065e-05,0.00152405936940032,0.00289249321302735,0.00276979182225973
0.00259952753105305,0.000949825623970919,0.00159872147152563,0.00247522682411535,0.000749735975950092,0.00297934004572281,0.000337075633934411,0.00315715849812327,0.000123509957546778,0.00120934580531058
0.00143742126922747,0.000384923681792183,0.00400163000180539,0.00334217449595984,0.00167375016956893,0.00238480062644195,0.00148807835778504,0.00218389719755152,0.00290203473917621,0.00347118571810353
0.00271118229667746,0.00128689478831122,0.0039205954043303,0.00078295888158296,0.00280366635291677,0.000365377766380127,0.00113520442581086,0.00309699343359211,0.00194490836192969,0.0010233376757678
0.00143909638126233,0.00285526714363665,0.00205615117660385,0.00266945282703685,0.00169450719108768,0.000444174733692056,0.00233401593400816,0.00160044063065129,0.00351831039054257,0.000815183589404449
0.000872343325189598,0.000920788742819154,0.00244116101382388,0.00240245808105411,0.00320156595590799,0.000429326280922235,0.00265765322929279,0.00268579753752349,0.00229432785600984,0.00210584180642406
0.0030247481326813,0.000896272690188221,0.00249941656379203,0.00252138543411701,0.00313040670262182,0.00257677255708212,0.000465750174374969,0.00173630726033458,0.00347392079034121,0.00019641540099468
0.00200471133547619,0.000314333211032925,0.00257352592809592,0.000561886420414107,0.00137426644393167,0.00108287256874044,0.00157196452604228,0.000147087393834342,0.00286176933513153,0.0034472097417304
0.00184446670871065,0.00103139328858782,0.0025304778965331,0.0011997463607317,0.000356162929224183,0.00164863664477258,0.00286325123749545,0.000314340495096685,7.3697404989963e-05,0.000443032677682266
0.00185631293850428,0.00179311499068796,0.00146150536655831,0.00309273638995177,0.00169995896159643,0.0030403346162641,0.00132310905855746,0.00238377682851134,0.00339424252455999,0.00317304128186665
0.000807138634234611,0.000626002119892181,0.000606316311695746,0.000196880394687821,0.00131971225083132,0.00225539275920932,0.00273060493234457,0.00116977370160398,0.00139882188382337,0.00188255697540668
0.00204880970622002,0.000722074715827459,0.00365345640375356,0.00330980601943842,0.000484991387872414,0.00174549105757518,0.00257713417192676,0.00181786265934805,9.8604170328314e-05,0.00089993340643799
0.0003440650463941,0.00229940688453707,0.000642570172620327,0.00128535679018068,0.000657365622033066,0.00265674743861387,0.000123269678098576,0.00136288663276555,0.00321183571778731,0.000403631732078933
0.00294115772534829,0.000388959225240463,0.00198935063651962,0.000966706996730433,0.00196383457330883,6.26283514450467e-05,0.00103102680135509,0.00151658225554929,0.000399037256782794,0.000628805501342418
0.00154500768074559,0.000344771196116131,0.00317337116959644,0.00181813111099521,0.00107315525714532,0.00273493175300156,0.00190703628633534,0.0018090522366053,0.000169606556114325,0.00162274902567426
0.000725913626754293,0.00208980199964547,0.00137383321618326,0.0023943884658385,0.00044729959038448,0.00150262317567147,0.00140899674628207,0.000553875195981781,0.00187277152148556,0.0010939543550896
0.000316392178247813,0.00126427095224316,0.000321430199689753,0.00308258764556507,0.00144472194579434,0.00241742195512024,0.00103605612571003,0.00112453362786038,0.00162075411410445,0.00310857660930202
0.00260780509838874,0.00139207001634485,0.00255461391591036,0.00229326037351913,0.00259009760689206,0.00120476504457468,0.00217302919409257,0.000735208954754382,0.00264739425792099,0.000662635988879294
0.00222584729982789,0.0023211341591739,0.00314717781927618,0.000352472438544711,0.00213849677195518,0.000997515553911039,0.000495975550844142,0.00157979004992713,0.00173250531957525,0.00290870780700051
0.00258212897511864,0.0012419996013121,0.000799769489334697,0.00140391619132561,0.00335260432679058,0.000342558413214306,0.002196215604134,0.00253235647407327,0.00292793880564944,0.000819777129998625
0.00226267179402884,0.00239611718373615,0.00249753427348266,0.00149768282357307,0.00278777268199358,0.00155052552351958,0.00102834747655312,0.00101969405087285,0.00315077107505785,0.00229962440810497
0.00103570712511003,0.00320965782939814,0.000818089739502328,0.00120116736338154,0.000352044862360581,0.00169993304511875,0.00236300470192011,0.000932584255369889,0.00128715278788898,0.00221789416430872
0.000916709937571332,0.00255459031334521,0.00165705465815063,0.00061224191441026,0.00290344308355472,0.00107529759512513,0.00145135612504903,0.00169978806138064,0.00189957963980471,0.00309056267219801
0.00314702940246655,0.00110068861681621,0.000803404531259013,0.00171792644508487,0.00338573441584136,0.00135812387720884,0.00116570224851623,0.000423103646854918,0.00193972396724057,0.00295409978920374
0.00126159328320077,0.000799505159404588,0.00387124758864751,0.00332706070296433,0.00183338346473009,0.00169399881858222,0.00201559864474684,8.03308411265414e-05,0.00327433639430513,0.00119877847787273
0.0005409199169635,0.00266046311711758,0.00266057099012041,0.000421193133656978,0.00332445755390398,0.00243742472268928,0.00334740610519328,0.000680709093056108,0.00059892059466951,0.00117792267416126
0.00173551063072431,0.00293386033007562,0.00167309419831175,0.000260640991639191,0.00281484862111909,0.00207341419483723,0.000260815983896468,0.00086470334986573,0.000322147493606061,0.00202671006654497
0.00086838008149131,0.00111228010916202,0.000141482600180672,0.00202978519384301,0.0027897385759137,0.00211785154797102,0.00166285888377767,0.00246359171484965,0.00252622634334158,0.00300664463128387
0.00200328164439112,0.000560679859812473,0.00274463055073287,0.00331316750283192,0.00241660898019304,0.000751416038480542,0.00231716191009215,0.0020756069390903,0.00208649640537129,0.00201354390075099
