0.000565248980250199,0.00200308277192848,0.000803094055516144,0.000303624652126297,0.878968938747298,0.000324088469409,0.189945733952016,0.000253959620614615,0.00029790989592902,0.183288411687314
0.651311811089706,0.000231911473125459,0.772907286248144,0.821214364508966,0.000363244641115159,0.000514429410422802,0.000966101578897523,0.118173931081633,0.279345312279185,0.00054003862190647
0.000701031071851633,0.000332448843362663,0.000716855803483667,0.000704839962189531,0.000141995855417695,0.000847442693723532,8.33086275557565e-05,0.000138126799394269,0.000122981445325575,0.000223379029657785
0.000610885095792875,0.000262041548184791,0.000435241620154769,0.000503636223855472,0.00911314850430107,0.000834490021751272,0.780539946262994,0.000611236301574589,0.00052908219463652,0.000151085019477541
0.000924659923620696,0.573697655713339,0.000326691826172712,0.00047755458670262,0.000249780732451075,0.329718650594601,8.40576170223425e-05,0.598541005622303,0.00126068216419176,0.735861025058358
0.000204839428030617,0.295993684264617,0.000197076028622784,0.000152806980566635,0.000115589464326852,0.000206587277113452,3.14288534628923e-05,7.5227929998521e-05,0.000117316929681356,8.03866021476636e-05
0.000642225831495516,0.00816614421851162,0.00109967203772134,0.000499715046706503,0.000194943418173344,0.000634121268111209,4.04751822576133e-05,0.000236344034947506,0.000148185180509171,0.000220733777268786
0.00028057058442118,0.000226684028040825,0.000203873952333969,0.000210226365634663,7.38044400449231e-05,0.000477853172847299,4.93481770075878e-05,0.000192357571325816,0.556699699028247,0.000124052641786802
0.000389734785357151,0.00201323712005822,0.000389832742125368,0.000106343199190696,0.0186782342667592,0.0170416434881536,6.39190510125362e-05,0.000145123250794915,0.0529811824495909,0.00020865963781215
0.000471129378791403,0.000219354421103109,0.000559978608441017,0.000496650278565948,7.88856036499148e-05,0.0179171561299075,3.26726589569733e-05,6.83944173156825e-05,0.000133486434160668,0.000191816126928685
0.000410370128670609,0.000353377382550043,0.000202030518179004,0.000545805444995314,0.000161930833570827,0.000341542057731722,7.73682904917716e-05,0.000146255091834832,0.000144436153716234,0.000221694269257847
0.000938721596560034,0.000411922067253859,0.000729899405091056,0.000474288969485898,0.000139548004509974,0.000622230336417202,5.69497694415146e-05,0.000234354050720544,0.000138791490238348,0.0002392922494983
0.000634828444281944,0.000413379662858091,0.000230557178099293,0.000258821074876153,9.70245603992522e-05,0.000392172948559687,5.87575338419234e-05,0.000143209600929021,0.000810455194129274,0.000131043528243338
0.000712923803634634,0.000171329237878086,0.000773587692222162,0.000711545960198601,7.82779101041222e-05,0.00133000612737737,3.47472116681412e-05,0.000153350801283259,0.000247193712111498,0.00012334048265585
0.00042384878888815,0.000402664038372632,0.000718088117066736,0.000491206132499347,6.09525085068167e-05,0.000725138277040428,5.9492700006473e-05,0.00021619562817262,0.000306495154710673,0.000170548502591301
0.000820667591368505,0.000325639366483085,0.000305273145695108,0.000386984566531626,0.000149392480627969,0.000264875086146656,2.91389416188713e-05,0.00019081545231334,0.000260367931535107,0.000143609325655667
0.00027435906483026,0.000331857937090722,0.00124407192445416,0.000862671247645825,0.000131762776789535,0.000695481540088003,0.000218061666313711,0.000280696354974734,0.000140008725573293,0.000253240537052903
0.000874791876879168,0.000241825125488311,0.000507085809287949,0.000262600254514768,0.000168363605751451,0.000317275565628087,8.06946391540184e-05,0.00010505983653379,0.000135903352154262,7.18559565080118e-05
0.000444570008913768,0.000229541132748366,0.000586409382057813,0.000123190536006689,7.42282682181144e-05,0.00064980510783652,4.63442004434743e-05,0.000136761800351299,0.00033364844910657,0.000306041013291793
0.000980221753520202,0.00045231183619845,0.00068268416814861,0.000405232569770117,0.000133152355957769,0.000808012744361669,5.96824648369493e-05,0.000119929818469893,0.000228548350933583,0.000197277562605324
0.0605565340654161,0.000254174508214123,0.00153594194356571,0.000575842128715084,0.000315329399023026,0.000487328315491136,0.000180524533481239,0.000180365299685254,0.0252766630373081,0.000154161455852545
0.000221441050727231,0.000477507836792209,0.000791605928151905,0.000556815934939365,9.2400247009461e-05,0.000312710327994507,5.04631501686203e-05,0.000142730104468508,0.000230574778929074,0.0002590067435707
0.000363552862213649,0.000498838694428554,0.000527265022088003,0.00491790375744647,9.39066186409579e-05,0.000421001382266345,6.41458331554388e-05,0.000109121778279145,0.000596981449786281,0.000807382507932987
0.000380487435993358,0.000139807695384635,0.000245063653419067,0.000162480505706137,7.10756662171824e-05,0.42203342613362,4.05397171832093e-05,0.00015881831531434,0.00012693519460343,8.12842696527175e-05
0.000353334919820446,0.000249065225613472,0.000304062131833255,0.00092084655423599,0.000123128086878626,0.000592212167897246,0.000147225056094195,0.000350171440501612,0.000263797231263854,0.000127328019457493
0.0440901686478559,0.000170328396478981,0.000411528350283415,0.000672438576462022,5.94950546729099e-05,0.00038837759810399,3.79144268982141e-05,6.5515826270515e-05,0.00011803142615565,0.000154163900836904
0.000691092627517434,0.000233289988816031,0.000492818386299385,0.000690833573365486,0.000113417022537703,0.000248482728864946,5.61462739967671e-05,0.000156697465478974,0.000331217392360491,0.000212114518582616
0.000293616939239148,0.000683474795392811,0.000794435554097051,0.000360431687404972,7.14757715795237e-05,0.000374479042981007,7.66774007108844e-05,0.000372579207265161,0.000562876735129024,0.000641715021451085
0.000395231986048336,0.00181805273275259,0.000267978378897189,0.000381457191276436,8.1088213140249e-05,0.000247332565794966,6.42220977947123e-05,0.000150083127639195,0.000187573656763716,0.000702925365296108
0.000993126175781388,0.00179989843697732,0.00753549801024082,0.00117789230768287,0.000184584180804174,0.00434356226151293,6.7380498509677e-05,0.00273475285846069,0.00181064775459075,0.00177676347305195
0.000481748760744834,0.000366468368825823,0.000155580754915691,0.000568188068566022,6.10495745757851e-05,0.000562180218342335,7.05699674498863e-05,0.000137333683291366,0.000244659347303265,0.000232971756299172
0.000842762340261043,0.000430421777222703,0.000516001288127822,0.000192748324124491,0.000110133326504844,0.000189032481145395,7.13579204080236e-05,0.000183503483822326,0.00010921748971605,0.000222292277732634
0.000393704160715729,0.000272338417436079,0.000796142619720019,0.000305840777189608,9.0805619467174e-05,0.000506108841600851,8.23499260311345e-05,0.000206555960921883,0.000136288380520122,0.000320763653287468
0.000211985168666351,0.000364354517596628,0.00022953064750017,0.000162542575285652,0.0391172234484811,0.000428002259538214,3.18743586436909e-05,0.00110392968389027,0.000157878109646341,8.43019606022743e-05
0.000746266514696442,0.00016051432699144,0.000741987902300029,0.000462748716626475,0.000128007109679612,0.000731438990059591,5.149218383898e-05,0.00010497085006592,0.000701759992907319,8.3681602157688e-05
0.000504086826421504,0.000412854622723212,0.0205151555638874,0.000332615376505321,0.000107325288728369,0.000420219830671866,4.12291621908696e-05,0.000119884010449638,0.000149372590402061,8.22744063138427e-05
0.000377619603485744,0.000358074159287237,0.00019630571905902,0.000558169634606799,0.000111243137173639,0.000307980186209673,0.00028307274680858,0.000216479125621248,0.000824654352182768,9.93408661563651e-05
0.000557169849822638,0.000513722149852961,0.000243913004746069,0.000519320177497234,0.000144150559760981,0.000428310728218316,8.48307902019806e-05,0.000112639101981492,0.000245433724889262,0.000275302051027403
0.000488809056771735,0.000352031226773101,0.000287391208617674,0.000488892439454757,6.9932513468048e-05,0.000379962318955234,4.02169270345044e-05,0.00022179592450064,0.000505522455376278,0.00190518728581948
0.000475736945616306,0.000153423919907047,0.000479061741664095,0.000294921928049487,0.000137372255065984,0.000604390727697888,5.07587730352896e-05,0.000151538559002612,0.000341035360486722,0.000280449897963656
0.000999228233759784,0.000356482730917206,0.000340152868435191,0.000466492611487446,0.000133595890987403,0.000269694499995096,6.84499408500372e-05,0.000227478556843081,0.000244556665034886,0.00027175881446528
0.000251807938093922,0.000325507984396513,0.000791833978345032,0.000418893822086881,9.7782457992548e-05,0.000734916324177257,5.17562203027225e-05,0.000247444069962091,0.000295627209195327,0.000212962533066652
0.000805300518828088,0.000359936217013082,0.000357311570319292,0.000473228536085925,0.000105207304021219,0.000435174002533124,3.58952530463551e-05,0.000175425504545296,0.000234352350436355,8.45374537100964e-05
0.000707738184075878,0.000417172454758778,0.00061239659082749,0.000278412014517968,0.000146837444057679,0.000438078712767477,4.43596947968474e-05,0.000161021544899562,0.000304418742128097,6.86494316906816e-05
0.000770729882242307,0.000310614836744594,0.000219093801382344,0.000404760436572443,5.81603058290615e-05,0.00019347063621623,4.16188355889061e-05,0.000159784198470724,0.000163014722343345,0.000312615328859357
0.00170341574714773,0.000458722371312495,0.000554382132635541,0.000204234713740972,0.0070474516245368,0.000207821598981969,6.46189562224402e-05,0.00416812700100304,0.000677557421967436,0.000673848599276866
0.00072424425183562,0.000266678420901635,0.000901916698367842,0.000281747478247038,0.000121076964550616,0.000472927320242441,6.54343935169746e-05,0.000113515193641569,0.000143362581486621,0.000313617797814077
0.0009037909864665,0.000178233650071134,0.000544543214936375,0.0002688075299026,0.000131102412542547,0.000545517926614103,4.96953009263529e-05,0.000206358123695565,0.000214776534423903,0.000287890903864714
0.000723422052436182,0.000404807042670025,0.000798326262954753,0.000220991067679946,0.000167757238217323,0.000748941039582247,4.0404061696678e-05,0.000111239467472613,0.000252032117243107,0.000126679442404372
0.000509343688169291,0.000207196294150133,0.000222681136158367,0.000670896149533543,7.87401031920769e-05,0.0046709534438184,4.93487221194234e-05,0.000110379845515341,0.000335114245093988,0.000260805740944048
0.000326624466552509,0.000200689691485591,0.000675864877375784,0.000309655056178112,0.000146193375750318,0.000172601436987194,8.16792728556889e-05,0.000138092477049574,0.00014488973139119,0.000312614620984197
0.000661127921100844,0.000298167730697373,0.000825077266585886,0.000191374706805293,9.45603550022435e-05,0.000756686246891906,5.99247668319717e-05,0.000110302817921846,0.000298537408972465,0.000114584340850504
0.000229088442184426,0.000245533511695734,0.000670597448819122,0.000216128829159059,0.000128334170545155,0.000276646067909394,7.23586369346877e-05,0.000199485196174025,9.72500847352689e-05,0.000253079029104468
0.000283129802771754,0.000380425244903989,0.000389270003670134,0.000213215878327742,9.3891225883999e-05,0.000694820098095197,8.03541638957958e-05,0.000127533448688912,0.000219016053161759,0.00014683289653012
0.000167139538523681,0.000285240673111033,0.000841898116263368,0.000155865288444265,7.58939292438876e-05,0.000264175249823905,3.72115858707591e-05,0.000217324956059131,0.000163618057578335,0.000174546381957582
0.000296838399001408,0.000287449842131661,0.000532558869940589,0.00051655670217523,0.000111965320231195,0.000844120085657853,7.66177440428526e-05,0.000222895210575323,0.000178222376005002,8.41689536016924e-05
0.000343462740854767,0.000238603742600255,0.000511070849247876,0.000262372488929131,0.00016195104355658,0.000594550384809525,5.13728667486435e-05,0.000241817830553829,0.000101622741079175,0.000307687900214107
0.000333361635065955,0.000223598235206532,0.000704450362087878,0.00863051445531193,6.31191351871816e-05,0.000682035622759502,3.40247033186973e-05,7.82984702004441e-05,0.000133139055645916,8.89000725346933e-05
0.00139156126589454,0.000151999975472003,0.000474697112927647,0.000505214375870735,0.000122673534480225,0.000614935709255519,7.47315521736506e-05,7.75677244272745e-05,0.000147909219382812,0.000279951909751968
0.000177164683949142,0.000432449364002733,0.000990681415219868,0.000976721066869713,8.75870088341935e-05,0.000291076596420195,0.000204907199263129,0.000179050427108787,0.000572536929678598,0.000294787341548668
0.000285811750368896,0.000383076740616766,0.000854141899927455,0.000528170138337638,0.000157622251540624,0.000387013217227964,5.17052832574592e-05,7.32947390427458e-05,0.000150291039278361,0.000176430158972821
0.000387734843702423,0.000508426637585094,0.000426758979983698,0.000137205247331425,9.11356848794159e-05,0.000814378373112329,8.66854952635887e-05,0.000143075074268983,0.000148035522857737,0.000111716477406903
0.000592207255233164,0.000428387170157484,0.000868866180256955,0.000695005673821607,0.000148971659333882,0.000544951455161608,5.3838526635243e-05,9.65243016033061e-05,0.000200667801309438,0.000213681753703663
0.000478710552820618,0.000163863139193319,0.000415815959021445,0.00055358272579102,0.00014623542925357,0.000493311427467994,3.18131894752265e-05,7.89776719501205e-05,0.00027542761286933,8.87128040877559e-05
0.000631996424782947,0.000457384267251303,0.000921391729688022,0.000169163685125483,0.000147356405639644,0.000623048033389795,5.46798317001253e-05,8.49994600332551e-05,0.00034194963465184,0.000309265173157922
0.000951794214480137,0.000450616459530604,0.000764347033600969,0.000453021573069004,0.000133356771072495,0.000250981982805657,3.28628235925977e-05,0.000121392499263532,0.000185471512953965,0.000196102847499818
0.000727838434527043,0.00029938832584973,0.000346742704792814,0.000144689428143978,0.000122459687198714,0.000471983070174802,6.20021493537629e-05,0.000143062768105193,0.000256604366061719,0.000314965728421487
0.000951227871939933,0.000368390330177136,0.000625990148705777,0.000459013664019373,8.44270144980728e-05,0.000493867346779816,6.63285634541568e-05,0.000172733689462249,0.00023789685794675,0.000249066105890166
0.000310836912201357,0.000485955119608714,0.000651006935431981,0.000441792565145866,0.000100622649760121,0.000770607887926152,6.73133129762084e-05,0.000114276267572602,0.0003182027863261,0.000104968044875579
0.000385547908668233,0.00038572579803242,0.000662742690235033,0.000705439916934457,9.90844492081735e-05,0.000611635845687994,0.000513254193615435,0.000161893622032335,0.00165301908872853,0.0002685364668956
0.00022204108971051,0.000122669796939918,0.000864115687455182,0.000310434699145808,0.000131095118526323,0.000796855112082553,4.97461396585385e-05,9.71101578721451e-05,0.000291099076909855,7.72268039375803e-05
0.000869112981146154,0.000264410961535985,0.000639062091998208,0.000687208098932593,0.000118351624462154,0.000369541866271733,7.6809101311443e-05,0.000230068017688025,0.00019176792869855,0.000179423947458272
0.000347704406226271,0.000439988842985375,0.000253651706815243,0.000304463061041751,0.000109745850716327,0.000613042273410812,8.7662986130745e-05,0.000239463937124425,0.000115275441918155,0.000267487612468291
0.00099296789327328,0.000379366498405384,0.000772772570671528,0.000694425940151479,0.000103671212609165,0.00048858131653564,8.01783657098038e-05,8.25858720142128e-05,0.000273271485037498,0.000100823929224603
0.000620222356584446,0.000217896522952785,0.00027961195806111,0.000600123405976895,0.00014096216299763,0.000480264341541209,8.89194025049695e-05,0.000140993346445921,0.000220539297903719,0.000121651893166302
0.000196571136635985,0.000234445932471537,0.000280227348062803,0.000309708120409068,8.77841885281819e-05,0.000784350611121864,7.43445252658978e-05,0.000234969702292007,0.000162237990314859,0.000168187879350979
0.000426966312069036,0.000358590941007439,0.000211805599421675,0.000392122124438069,0.000116184463234949,0.000866001455916551,5.20519692669708e-05,9.54390669150209e-05,0.000316794068242914,0.000146096000070713
0.000702138856629333,0.0019791297236555,0.00979056205596648,0.000255273280738271,0.000143127729071759,0.000366184926921896,3.67778561026823e-05,0.00232277882236211,0.000152250330045978,0.00276559739888444
0.00086682667613001,0.00047448383743991,0.000857534896365177,0.000231437570631192,7.37000053295493e-05,0.000241001565542572,3.58831666824164e-05,9.10959713392874e-05,0.000280349626748464,0.000246467221527747
0.000338708869796648,0.000204961740944886,0.000828394981966829,0.000457299361523181,0.000150046605365695,0.000463386502627794,7.27058714028353e-05,0.000106164651869535,0.000170929757241952,0.000288638493227772
0.000389519388896697,0.000512975213487393,0.00074225880050826,0.000165816065587563,6.84175440843377e-05,0.00081058471048067,6.7623264285296e-05,0.00010149942256849,0.000172350707442313,0.000277175994225122
0.000156014146418366,0.000405896251515192,0.000680808668280024,0.000650211917996423,0.000135498883607807,0.000514928588747659,5.22108884583653e-05,7.31352772143571e-05,0.000270750669347165,0.000214101620245929
0.000372603684984996,0.000175383066355764,0.000323787886373829,0.000681112504685251,0.000118839588705838,0.000729562224142118,4.50091708766081e-05,7.30440652742818e-05,0.000162403305328564,0.00020665188240329
0.000205135706620614,0.000289066748716113,0.000164559774683069,0.000642817119036137,6.47446234469731e-05,0.000553748638402395,7.38757304199283e-05,0.000164440826197985,0.000247118490994024,0.000133978078372303
0.000789553331401729,0.00018423317497017,0.000896159732065433,0.000321321120574251,0.000156492397220228,0.000659330656231392,6.9372717012776e-05,0.000225717930731076,0.000284386867141509,0.000259934494916247
0.00086375270229036,0.000376987415983214,0.000563554972509217,0.00047393097362748,7.4259104544839e-05,0.000745222882060031,4.99270804264747e-05,0.000238288904427654,0.000178810717303453,0.000249320809800246
0.000994391936373858,0.000241314721528613,0.000752258171273301,0.000219955862860693,0.000113097302371853,0.000458943108136408,3.6147268503178e-05,0.000221588206699119,0.000203336352567778,0.000205018575578992
0.000933951873327144,0.000405253643137538,0.000189444496633477,0.000316782150746059,0.000112598226898357,0.000603033207829991,7.57390984528389e-05,0.000124068853017766,0.000155990551959809,0.000106188012456327
0.000928221860488002,0.000341133876907435,0.00051330903782346,0.000449029985598566,0.00014080504812963,0.000192588629501568,5.41263453053048e-05,0.00022647767878421,0.000183034668516904,7.23511786181153e-05
0.000889883139688193,0.000284102496174072,0.000418553309893975,0.000224954630091719,0.000117776170709827,0.000294550091327733,8.74210528297137e-05,9.71187785580096e-05,0.000305098123176216,0.000237067072787409
0.000259530398358192,0.000421343120588093,0.000502101569005522,0.00060709466819371,0.000106930577819011,0.000187076585880422,6.34611012641007e-05,0.00015236836634692,0.000133623896402983,0.000137928213695906
0.000589824190270852,0.00019944222135175,0.000467346483147069,0.00029058556920239,0.000118368263452692,0.000210817315071946,8.02997964067694e-05,0.000239582332700926,0.000289299895935387,0.000202281094118762
0.000649905443868051,0.000332186076732837,0.000377042466996533,0.000552104413250349,9.54835779934445e-05,0.000614181470981199,5.01381250202584e-05,0.000162275132692012,0.000225584224182565,0.000294715506509726
0.000583289992579052,0.000496671327505473,0.000337230657276549,0.000545533217794921,0.000134630891158749,0.000411598207617782,6.38477594653558e-05,0.000216093374064282,0.000294249458012767,0.000115390041573723
0.000677972674570605,0.000182000132401134,0.000260370172406328,0.000551127511500355,0.000129116651838566,0.00631381819295569,5.34248795507403e-05,0.000143746900260008,0.000288000339438882,0.000297195103615983
0.000516590518528091,0.000123750598639474,0.000874742659537656,0.000552793456567882,8.51811060145126e-05,0.00083929782646587,7.34165834910039e-05,0.000210755914304978,0.000225653440901465,0.000251147014693809
0.000768601820713729,0.000453858380964253,0.000884529852862783,0.000293164445175587,9.49238934578545e-05,0.000757990356789667,3.02068624252467e-05,8.6207334980168e-05,0.000273905538061144,0.000311018201811866
0.000386011727540955,0.000202046880529343,0.000155046337916075,0.00062901913907601,0.000142392714801978,0.000889978311624544,2.95378867877895e-05,0.000177384818337706,0.000194228129970622,0.000250706895778394
0.000860378609389916,0.000191205031466186,0.000371936086254454,0.000209684681762118,0.000105942927792114,0.00019947946916973,5.10973642729617e-05,0.000162077188482396,0.000166633401916727,0.000130124783286016
0.000463007629755958,0.00033426549694843,0.00020506180985619,0.00786426586483947,7.21966147040049e-05,0.000293899455976652,5.73261333172148e-05,0.000154496675742574,0.000224574250271097,0.000153643684275668
0.000153048684086009,0.00031255887793089,0.000163455721868566,0.000651616289558715,9.78271192993351e-05,0.00078908257097662,4.03497144903609e-05,8.85615354424226e-05,0.000115263238312497,7.7608843890706e-05
0.000406438992040821,0.000344622398575412,0.000457999319002723,0.000538131635535327,0.000106531359066586,0.00218373498129205,4.77412623304004e-05,0.000168574629183187,0.000303403138142009,0.000279336810397876
0.000375856278058869,0.000140812272760018,0.000733797050190535,0.000187085376010794,0.000143306866821006,0.000834435151251486,7.63284324720131e-05,7.54282592688201e-05,0.000140114443024575,0.000319085030408416
0.000942200778132305,0.000126483997764929,0.000455602653308223,0.000467228551483418,0.000104893522932091,0.000245378850323019,7.03017206133385e-05,9.87441804483747e-05,0.000251377362122086,0.000159988459357879
0.000993740205116773,0.000183991502788887,0.000720427249851098,0.000124890227161679,0.000137540155299706,0.000774585006443222,3.92109363576265e-05,0.000125675847678123,0.000162838936731864,0.000320224800858333
0.000653929546010035,0.000285509572493866,0.000898272039427892,0.000209832774654614,6.774504395035e-05,0.000872523206608191,6.90269071607591e-05,0.000127864387558438,0.00016554500304874,0.000312085542262851
0.00077652371465331,0.000341756106236887,0.000743581616387433,0.000376991572671233,0.000134321179709718,0.000878363279281696,3.99508853407833e-05,0.000223137233617811,0.000218331965363866,0.000228328991729304
0.0012519828101772,0.000407120269230935,0.000292088689629689,0.000679685173406507,8.53596410916577e-05,0.000796313549784574,6.8189963792483e-05,0.00069624473045596,0.00142405705727246,0.00017101410143301
0.000227551556668453,0.000237209672775485,0.000285813509430236,0.000286149029675894,7.72677126188247e-05,0.000841907423183801,6.19068688475892e-05,8.69247847804774e-05,0.000230385307105532,0.000100028030935144
0.000901817695503682,0.00049416895335416,0.000579220840399454,0.000574006837974548,0.00013935967603094,0.000337018693234404,8.19699919347565e-05,0.00022694279100855,0.000142821545834501,0.00013801360161188
0.000340152651616531,0.00026822001073513,0.000310637139342887,0.000449279785433493,0.000164749270091133,0.000358813553343871,3.70366726187372e-05,0.000183002756921006,0.00026976228388841,0.000299095317373393
0.000300608531565875,0.000392451063687772,0.000294887265614593,0.000311137641416644,6.90805951218523e-05,0.000247268855774428,7.54316512037949e-05,0.000188563694428232,9.55616496813628e-05,0.000147954667558982
0.000736127597484036,0.000360121746133733,0.000883923416064496,0.000362662084490151,7.84320033291558e-05,0.000290275217479981,3.11500850338337e-05,0.000206474994204837,0.000276987348973407,0.000286875996256423
0.000171061506764061,0.000329187716808883,0.000658805279745168,0.000417837157472945,0.000101448543087252,0.00040207988905793,3.21243372908325e-05,0.000245061632235388,0.000113554135408538,0.000238289613999133
0.000236370780003692,0.000438738183823259,0.000310613337512248,0.000604621069874997,8.04118164212568e-05,0.000175064209663861,8.8685958927841e-05,0.000116962426311478,0.000184417780277259,8.7946560735902e-05
0.000414387346293633,0.000311304071368431,0.000323897607671622,0.000610850903433317,0.000142171072555738,0.000407673000544662,5.36011548649772e-05,0.000143681686144233,0.000334532642769562,7.28048890472393e-05
0.000630808475351402,0.000437388735258956,0.000195765243862263,0.000517359954070862,8.47448122114378e-05,0.000391080192585881,5.85733410532344e-05,0.000187012975825626,0.000285693395518691,0.000590411433417758
0.000896317692191127,0.000312565031900899,0.00058373722508029,0.000359487886011777,0.000253830489808515,0.000548621401769968,5.67254969338081e-05,0.000211378816452193,0.000219783611639177,0.000324517878863407
0.000787026548986893,0.000392529145825249,0.00097684368956213,0.000630678299165321,6.82759752856106e-05,0.000280522582980978,0.000115752246008342,0.000159589474013569,0.000134063915507738,0.00028995348206315
0.00101481044395796,0.000477989191729088,0.000709466100010394,0.000626079641300327,6.7311098973779e-05,0.000279918368235712,3.55719634015631e-05,0.000170472332873485,0.000315324750082199,0.000204552508259406
0.000215115908475803,0.000223737518370269,0.000600841669386766,0.000435379063364364,9.61559452973818e-05,0.000837016729318596,3.7517411611648e-05,8.35884915492984e-05,0.000185310217705679,0.000145921332278596
0.000797945656549543,0.00029004550268413,0.000740322771844133,0.000573505845964989,0.000134976162790644,0.000710606802027428,4.43886174128436e-05,0.000132874608005053,0.000308490714237412,0.000230328821696026
0.000814029114187208,0.000368392242703127,0.000296152301110134,0.000417865932522703,7.43931577801566e-05,0.000457771692721184,6.31204018078363e-05,8.62167538685153e-05,0.000220704475390908,0.000149605585772319
0.000205884276177177,0.000174763055173889,0.00079510190630583,0.00053503953148442,9.84213890894808e-05,0.000549093752129255,5.80279576191994e-05,0.000208927521581974,0.000150252563153739,0.000243055428630432
0.000746135251620417,0.000284092409595855,0.000163938003887662,0.000498447875173043,0.000111768629173652,0.000823276525746205,5.74386506983804e-05,0.000191583721601346,0.000146292820097066,0.000263434231534694
0.000213068849877339,0.000204026508922246,0.000600602870399384,0.000450688050390186,0.000166026821431256,0.000888270477526086,6.73595115416245e-05,0.000113986609982303,0.000263449573778646,0.000311818116895544
0.000579004121609821,0.000465472740257084,0.000811515831945884,0.000634495899959522,0.000109866105583252,0.000608439532990337,5.23403878920507e-05,0.000168863424459648,0.000224280084973188,0.000116892200821187
0.000324397545436107,0.000233873467773185,0.000618155504671094,0.000447251637934492,8.99411537543044e-05,0.000469539464470651,3.23328673288352e-05,0.000214852024540399,0.000201802459259636,0.000251692415397095
0.000606463853431277,0.000430477210939039,0.000258643833254821,0.000496320570056832,0.000139425334152901,0.00081701417696349,6.09793642060995e-05,8.42588440710733e-05,0.000220350220561097,0.000150111464518619
0.000260151273019112,0.00049035429559801,0.000284459724829475,0.000200565951322966,0.000129964345278222,0.000447995164145318,6.82312851757777e-05,0.000240548861832647,0.000270374720383324,0.000165569212551773
0.000810788346354236,0.000230995928620202,0.000335866563668452,0.000516363756628082,9.05881744755274e-05,0.000232291965153167,5.39873493623217e-05,0.000117230820405384,0.000333863564217237,0.000223517836601409
0.00030173904243584,0.000293973010035379,0.000626604494670284,0.000416765863030677,6.473877710615e-05,0.000546183568098499,8.82374756818547e-05,0.000200911072619874,0.000313120546111874,0.00030192116863957
0.000409524100325458,0.000162777667045975,0.00031130421506514,0.000385675584636046,0.000156191807057671,0.000869647072797263,3.02009333933774e-05,0.000200278420972249,0.000206614506940712,9.024281574908e-05
0.000708755506601103,0.000499772233053642,0.000808762146319276,0.000125294553302395,0.000147056815907048,0.000399359488837874,4.65307053591411e-05,0.000118014703799961,0.000342509805796412,0.000251527209290022
0.000486448138165539,0.000221242856684783,0.000895017254974173,0.000500052685831404,0.000110977627715388,0.000720042098026984,2.93246164419552e-05,0.000113378033937119,0.000183060477050247,0.000204388839573432
0.000338805452507791,0.00051911942711118,0.000858082553016927,0.000402153355172244,0.000134338080067651,0.000709823786283934,7.02491932879365e-05,0.000191839410461326,0.00011040790297769,0.000114836935129558
0.000210637539924711,0.000137798611248324,0.000515725645588879,0.000696327192532591,0.000134006924031454,0.000432556737039788,7.85036646689863e-05,0.00019628553839265,0.000239921060983971,0.000204065153738515
0.000811353113223737,0.000319260015085448,0.000186689184561381,0.000556787048609782,9.04874639251717e-05,0.000513041671532913,4.70233326686224e-05,0.00126559605280561,0.000232261157977501,0.00118183804371571
0.000968372232798392,0.000486119195971102,0.0001396440393526,0.000570879887905318,8.46809252561765e-05,0.00055384002878956,7.78871868342491e-05,0.000114011404284369,0.000308320150872879,0.000167697827762732
0.000822174797910268,0.00024223829905564,0.000328890467468426,0.00066514969268596,0.00013396987945944,0.000603991919489249,8.33717699278816e-05,0.000220040600814931,0.000206217825498936,0.000164208369416096
0.000742300716267581,0.000235215404380208,0.000731579379216759,0.000696609328501166,9.1354989087197e-05,0.000622985437937202,8.46330855094311e-05,0.000214431288323019,0.000102752565673847,0.000221630933296377
0.00059860798056694,0.000381748097426852,0.00056020274519268,0.000596791225287598,0.000152189471306953,0.00055209221157872,7.1037099731121e-05,0.000162450465850395,0.000225197237174051,0.000286773118810943
0.000683644549718932,0.000420240184727155,0.000451220923662579,0.000275980618021243,7.01177534982369e-05,0.000753481893037927,3.43735010097559e-05,8.63062824926782e-05,0.000222393968945802,0.000124013205544794
0.00100495468111042,0.000435717495036165,0.000711886626858284,0.0001314934129571,0.00013781530514743,0.000306461062466961,4.35665395155556e-05,0.000128655697934025,0.000275483543460729,0.000249630468641507
0.000207335941390155,0.000198648664417803,0.000184318878064142,0.00063374669667045,8.13227060724561e-05,0.000491588484186526,8.10743716955981e-05,0.00010151250808491,0.000169470784636663,0.000133031178817719
0.000726681721781872,0.000389837541955359,0.000884815384706555,0.000177334505439647,7.62956604334629e-05,0.000348246263014928,8.30880772458476e-05,0.000131612870221748,0.00016507997486885,7.33940115070119e-05
0.000536288250384282,0.000149639273658698,0.000345451110900757,0.000183706432137902,0.00012929788300881,0.000707262956056157,6.83866445620006e-05,0.000154752243383226,0.000286063382481915,0.000178742920326724
0.000817627523619202,0.00014323053780177,0.000225340617173779,0.000427301082562974,0.000114658325869837,0.000802178592884762,3.16945219707825e-05,0.000157066507617933,0.000181792632634747,0.000176744783203198
0.000990454186620792,0.0002894816026309,0.000271355241596941,0.000472664696351651,6.96188806823837e-05,0.000229706279559229,7.43552573166513e-05,0.000152229676677196,0.00014650157448946,0.000154261250083244
0.000517973996717828,0.000516860447136339,0.000701996168472671,0.000558015145544481,0.000155935532250166,0.000300260958732687,6.57045439104469e-05,0.00022187134841111,0.000178949070537724,9.05092245860439e-05
0.000482297214450321,0.000273782076355607,0.00015009717878606,0.000414650284297598,0.00016795638786721,0.000389905502334243,3.31860932516197e-05,0.00015799417230262,0.00033581811441531,9.86255715321372e-05
0.000480622883187787,0.000354753917901756,0.000704273062134004,0.000423034509996781,0.000148958439867845,0.000549235723611036,4.48668370840125e-05,0.000221143773604728,0.000161379470095468,0.000306493409972502
0.000538354888210804,0.000137886422895977,0.000441695858213005,0.000368644399071047,9.66883504294486e-05,0.000479040948479871,5.59215199762456e-05,0.000229124687321423,0.000294733085034817,0.000283141941575529
0.000673868150570896,0.000335451623987943,0.000620523477623259,0.000511710162702204,0.000149423775058011,0.000682189539040334,7.9663275080416e-05,0.00019421951641335,0.000171213123330031,0.00018990065977591
0.000664031185703929,0.000136306234858094,0.000637289095803858,0.000687777430459584,0.000165290317488326,0.000385621516277076,7.18875396307952e-05,9.76325018261858e-05,0.000295781183733814,0.000141953475197903
0.000802188937493321,0.000210168634271707,0.000618233742538943,0.000217929337217564,0.000112324637704018,0.000451121147180347,2.97283387870929e-05,9.52568468599499e-05,0.000229574729567965,0.000289717930047887
0.000314531213753125,0.000123358057633005,0.000172681949826816,0.000310203814571217,6.95559297928017e-05,0.000298035738789878,3.73328332026855e-05,0.000231296387841398,0.000312105567956156,0.000216811071608757
0.000600249297057928,0.0002785361241052,0.000721691875816517,0.000619799744843837,0.000159336391954902,0.000179427716487448,8.64770933135284e-05,0.000220968342774339,0.000164005241447305,0.000316207822441608
0.000594087360590126,0.000377592231298925,0.000438348393580178,0.000309674542900944,0.000128800841469829,0.000399775324711736,5.31482583610331e-05,0.000246600377542737,0.000162190283924151,7.31786810190948e-05
0.000564983788916504,0.00017217211092858,0.000210132531147396,0.000533433049086222,0.000152371653297608,0.000164827030543516,5.59912825702669e-05,0.00021823553248656,0.000217886565759329,0.000299960808751644
0.000915546999211024,0.00024384711029874,0.000347701746413182,0.000495071926604906,7.41490912635076e-05,0.000391136166042059,4.91520399504638e-05,0.00556704175099645,0.00027274297545123,0.000119732784754519
0.000466683377611752,0.000347073785155369,0.000427405076632913,0.000443381648555649,6.37680496533602e-05,0.000553074497287931,7.88198465117385e-05,0.000238212849793294,0.000100778762347,0.000293846258977645
0.000573908975736199,0.000517900230034281,0.000143963621169451,0.000444580565411566,0.000128604015293425,0.000833621786292034,4.15865981256861e-05,0.000139623479077216,0.000132882237554087,0.000288684244119441
0.000872528944479244,0.000452752084323327,0.000279508967573988,0.000687121661294088,0.000145805157846377,0.000799216603708153,7.94522980198465e-05,0.000196412354185606,0.00024962230851688,0.000109966056847999
0.000190716703902609,0.000183964803629223,0.000812110361702115,0.000421200184850373,9.61930892142007e-05,0.00084982852379907,6.51622542581021e-05,0.000188716198564853,0.000312336846088346,0.000144269597312488
0.0008208499028945,0.000227430057793037,0.000193698730137423,0.00016237527299017,7.93188061476213e-05,0.000185050962966979,5.09863784651091e-05,0.000146690052350087,0.000173737165960623,7.17147335431851e-05
0.000723816026551354,0.000285460066704744,0.000373306385193061,0.000324605059355266,6.4164883708798e-05,0.000386551794314749,4.95135071331973e-05,9.31669710814626e-05,0.000133481101575041,0.000141383546215465
0.000604032232435892,0.000121333456711464,0.000623314805879226,0.000358100969796523,0.000160623208851882,0.000782744841987515,8.60624385243301e-05,0.00019439259139244,0.00020107830515445,0.000324250549773713
0.000242548667470069,0.000208120967436388,0.000302863841725641,0.000676722302297347,8.2170843576995e-05,0.000277684879970571,8.30579886501458e-05,0.000142332628961454,0.000279608187560945,0.000204190119333339
0.00054276669531277,0.000259666786352753,0.00020697744756949,0.000452995269790719,8.68592125962794e-05,0.000275714010867091,6.19470378978433e-05,8.60587747338793e-05,0.000161976972069182,9.08309472446177e-05
0.000960157180108461,0.000513555405818382,0.00091735268041541,0.000302178807787604,7.76379720410785e-05,0.000176246055164411,5.78551199947079e-05,0.000148010999621087,0.000131457558657802,0.000211070267288329
0.000536882708990045,0.000349794178098424,0.000745388099981019,0.000648138880171419,0.000118004141980211,0.000743996061225391,6.09744474206473e-05,0.000192493575660121,0.000103242038922118,0.000259764286428538
0.000674329267097489,0.00034631457678429,0.000722043021316071,0.00022231798961783,0.000150564207052414,0.000540133207752324,7.80400457392766e-05,0.000128335235690149,0.000164351912811035,0.000179411702743685
0.000874732776633447,0.000457286507961093,0.00030780990968155,0.000619074732439022,0.000143606975985564,0.000282166037944721,4.02874100753503e-05,0.000167072334521447,0.000289077166653425,0.000311998972548375
0.000911439297412577,0.000433590229129892,0.000895421042599537,0.000188538301115596,7.87842552964158e-05,0.000370814722289984,3.18051878198358e-05,0.000117984315144212,0.000184404977275639,0.000257974668524141
0.000258388569555786,0.000328913939943332,0.000261782225800043,0.000483688123448397,9.86970805280345e-05,0.0142149117234748,6.17926203001655e-05,8.01608510776384e-05,0.000338910333046306,8.61589347569755e-05
0.000204878120451784,0.000299092757119842,0.000437383231995976,0.000145597040018555,9.72964474338085e-05,0.000863747407606613,4.01963957028814e-05,0.000168379794080648,0.00022660757232982,0.000165133886583526
0.000180515942237706,0.000322970944866012,0.000236514197989517,0.000252623658716807,0.00013946914915089,0.000366641346762529,6.89279954370485e-05,0.000222112103461725,0.000156907484873523,0.0001286878875897
0.000375429338811099,0.000506788479578601,0.000523179148451917,0.00052577286082683,0.00010445211063792,0.000749819255030867,7.71296132641773e-05,0.000172235718146015,0.000271475325574489,0.000154186362666356
0.000468916481089208,0.00032941485549805,0.00070271413572061,0.00019755575989464,0.000134108531495372,0.000810075603474748,6.73216359825365e-05,0.000229466897708536,9.42461219104262e-05,0.000274125444788889
0.00083026831251433,0.000446467317149031,0.000896645252357599,0.000387630873412349,0.000117852445864392,0.000798096249206575,7.36479510668135e-05,0.000140480793854205,0.000302105520896159,0.000327601237938007
0.000731601108154353,0.000261119375233884,0.000224020826722826,0.000348821708465147,0.000122696555650794,0.000662099113515883,7.13903655109162e-05,7.86069616375997e-05,0.000277021519644291,0.000198184696103298
0.00101352380860456,0.00019454308956171,0.000913838952994812,0.000669554405134727,8.00344388170436e-05,0.000477170809086007,7.37515684027247e-05,0.000130453672649548,0.000252759568797446,8.88537576497738e-05
0.000269201656372809,0.000217957688302683,0.000920913592235533,0.000142850148734985,0.000123559701694538,0.000741914625695727,8.32764279223688e-05,0.000231374104711388,0.00139008272576919,0.000143823163740105
0.000597729886780094,0.000394813345764968,0.000561802548459756,0.00060875209909572,0.000117557312346696,0.00081899524609068,7.14156707842592e-05,0.000237476714107722,0.000215175782011341,0.000197815337993724
0.000732698351440032,0.000506649752199559,0.00131196545767605,0.000537612377306181,0.000103715175684069,0.000547167977288683,7.75679262938923e-05,0.000196712058847957,0.00025240551590467,9.11896717613808e-05
0.00044347082996129,0.000155403816372713,0.000526373438507263,0.000447033346909241,0.000113010528630674,0.000368256221787743,4.73779667920884e-05,0.000144450797377056,0.000286125066382683,0.000265519998189643
0.000727665505059589,0.000364189838856025,0.000482934147253105,0.00045875966962343,0.00010700281806172,0.000367052552071603,3.5672076254597e-05,0.000186922902781205,0.000230193186045804,0.000164059680179021
0.000914894574266219,0.000237718036275678,0.000240233647207885,0.000266639015480814,0.000141440513544509,0.000750635167766197,3.83353226607846e-05,0.000163249124469791,0.000266962717084329,8.94283486248599e-05
0.000897799985792719,0.000351972068160542,0.000272409700886572,0.000291306770537332,0.000120576728419463,0.000384270347679851,4.041732767955e-05,0.000223125117576764,0.000230933282863,7.30315745322079e-05
0.000552929654639168,0.000233895534837798,0.000678712271208668,0.000708012568889524,0.000134783916154417,0.00065693458293007,7.86757120177452e-05,0.00013182740377074,0.000274676651167162,0.000115402088168904
0.000342039452045158,0.000281465609102031,0.000526821290788375,0.000387484192443959,0.000168325604158006,0.00041218290592814,4.4708930539611e-05,8.60209791516583e-05,0.00033345947573721,0.000216724052460062
0.00091561561697481,0.00025397108786564,0.000662438377425979,0.000696979351270199,9.63611869146069e-05,0.000541809477893701,3.61055905122808e-05,7.24330212070008e-05,0.000227261770669859,0.000295762284193003
0.000509864116423918,0.000200906895232918,0.000903339820436205,0.000509064633382936,8.16824178873293e-05,0.000722592529916421,5.62934019894293e-05,0.000184617631613306,0.000323322688685511,0.000212204035003258
0.000318458212862561,0.00021077359748136,0.000299644021861468,0.00048018552704707,7.48749057668603e-05,0.000514927783931039,6.50052959187764e-05,0.000139321245648233,0.000236707487394622,8.05280468084499e-05
0.000864769852764464,0.000311562873416131,0.000282554141265694,0.000597797722209906,0.00013695126174184,0.000536568079465733,7.12182862534304e-05,6.93020247512931e-05,0.00010580078714318,0.000273750267085487
0.000734373438650665,0.000127601121252836,0.000574770561460786,0.000317700395318857,0.000135014368900282,0.000831362535325703,7.72549074115499e-05,0.000118829094815971,0.000340362754571271,0.000117504990091396
0.000437026072816915,0.000187144731275544,0.000308124137048417,0.000442886876957639,0.000131987597558455,0.000885686162177259,3.14629598071641e-05,0.000230278987535721,0.000132214634558654,0.000238045861467425
0.000838962256015262,0.000457073557661215,0.000912709867850874,0.000271583824246139,0.000130575147161877,0.000867965940749892,6.35890883397327e-05,0.000153464367356974,0.000156946635434981,0.000221587484583789
0.000611174763954598,0.000276674445779474,0.000283148096333926,0.00897945721131613,8.72527301734522e-05,0.000423443251746915,3.96377538365647e-05,3.67433540773999e-05,0.000152904386522944,0.000179756493305429
0.000922463141333427,0.000137237192227942,0.000538428595969207,0.000455399441417311,6.41367738028294e-05,0.000305627859048638,5.16072103137886e-05,0.000175715203385496,0.000230977398864064,0.000284114845791631
0.000588356991545042,0.000382941645436608,0.000352671245375718,0.000688349387875792,6.45186371343619e-05,0.000186324164033498,8.12565775575593e-05,0.000194021876214668,0.000120438993320579,0.000294294906827815
0.000186306191258046,0.000330841512009835,0.000375628260321582,0.000518346919182218,0.000149203326531013,0.000775315839090518,6.8148886171758e-05,0.000241265045876179,0.000103107125526021,0.000321954403636943
0.000395135167014352,0.000848034424332387,0.00234125664838524,0.00040437894277673,9.95368399760799e-05,0.000429738801255298,9.79326316566107e-05,7.23557298659583e-05,0.000147918550947011,0.000111219136793869
0.0108558916730197,0.00127316765394953,0.000699127943907936,0.000197537350232748,0.000144738782844965,0.000388038094206403,5.93510317916122e-05,0.000178021435276438,0.000291411052175129,0.000466961135432232
0.000664822836492804,0.000377527032568548,0.00092260844648114,0.000257425622528795,0.000110402576545707,0.000347998445586855,4.03466457717623e-05,0.00017288916427715,0.000121485284021688,0.000320389421785279
0.000929223533065577,0.000519338248129236,0.00023219552012864,0.000631665999275868,9.28415998530994e-05,0.000511750801197332,3.77330335402781e-05,0.00019797215449874,0.000213250832392466,0.000148460842034723
0.000900751167554888,0.000482444297014223,0.000200535551058489,0.000321243203412706,0.000136739525674881,0.000302093811629453,7.67847035861466e-05,7.15993061960123e-05,0.00011489582666778,0.000196781167498103
0.000758307268536298,0.000226247188830426,0.000840055009986327,0.000346523601333541,8.94043135811703e-05,0.000403271003413544,5.99287077344271e-05,0.000229207556604258,0.000299925242729379,0.000308938275061625
0.000694224445090685,0.000174852957071832,0.000173696564793065,0.000385108782893557,0.000127120498820266,0.000327557958131454,5.96200313658149e-05,0.000165476429126893,0.000229487628094826,0.000124563115812609
0.000866633092787587,0.000412296940149019,0.000900107945171624,0.00011840905236214,0.000159162856504349,0.000728900677405949,3.25246320727367e-05,0.000206282776516368,0.000273485945612093,0.000183127262466497
0.000251349441539411,0.000391078780644675,0.000918829516545224,0.000661873265193176,0.000112898126162884,0.000861636925132863,4.42600246926267e-05,0.000210229501097141,0.000327914710206389,9.23861094435773e-05
0.000608449765051441,0.000349931040738593,0.000702921701461309,0.000416046602642456,6.29795909862603e-05,0.000585353637977613,6.60361664676421e-05,8.73334565233691e-05,0.000122904173875712,0.000170070107471524
0.000742083340554383,0.000269898888841623,0.000862642428493009,0.000681623660219832,9.99849868393345e-05,0.000858837132158881,8.63951944679677e-05,0.000235474470399727,0.000108438397095011,7.03828364565427e-05
0.000553702922512048,0.000251733559140663,0.000323101498415329,0.000305608948079813,0.000127607331517135,0.000410004836500043,3.84196718811395e-05,0.000150050067834869,0.000272313988158762,0.000286141978405161
0.000699225863332628,0.000219912249461086,0.000730559614032136,0.000212203367493487,0.000162834919803099,0.000233554942259928,4.28966227359959e-05,8.10921774337716e-05,0.000124656200814208,0.000150563226444606
0.000957291562529528,0.000268730428600149,0.000230661949512801,0.000651541464637303,8.83513769184724e-05,0.000872524548183979,4.32875268302512e-05,0.000237426809207447,0.000167444374752619,0.00030872013103113
0.000201568081691384,0.00013343794391829,0.000817616670456339,0.000602807733345662,8.59232265660042e-05,0.000666021526148481,8.06739404779522e-05,0.000189615998071378,0.000342142128079615,0.000252479141355733
0.000205922130197433,0.000125252066580877,0.000810731985384053,0.000538619714047079,0.000131891346997496,0.000566021681690233,8.63047455108369e-05,0.000251085009651662,0.000235109303458377,8.01520459390667e-05
0.000659492012359466,0.000425715142770488,0.000251245867891794,0.000679833233976218,8.50182149558178e-05,0.000479677846384685,2.94317785115353e-05,0.000160401907945102,0.000298324483073495,0.000254047503875196
0.000213357458213224,0.00024512562968313,0.000429568769267626,0.000251000739121344,0.000122826743305918,0.000574195604525195,7.94561500256962e-05,0.000106091306544042,0.000312881351406316,8.01677675582925e-05
0.000590812084753667,0.000274237780474207,0.000845566593226732,0.000205064698500399,0.000133364156719774,0.000712257492015492,7.76656926305859e-05,0.000169763107369831,0.000231988946669272,0.000116467719263545
0.000391705407965693,0.000412358548985468,0.000346942463955354,0.000400662301788806,0.00727900199327294,0.000440051076329729,7.98329733864511e-05,8.18565171655345e-05,0.000383984788293631,0.000269159520211898
0.00050168781290875,0.000135918766024086,0.000239584820708694,0.000429394035586944,0.000128299518541922,0.000369430212415995,7.28493805187012e-05,8.94658618777902e-05,0.000326141952753994,0.000104334024938583
0.000940945009756892,0.000140534746911591,0.00024251063297406,0.000249208863267511,0.000151617759388245,0.00035272145944216,5.43001316101553e-05,0.00021341864984553,0.000236906758293924,0.000210844832793516
0.000788833000580641,0.000465157068873573,0.000835106449276765,0.000643220353415412,5.8428749573206e-05,0.000844711016537442,7.33726079779245e-05,0.000233014716390084,0.000141709777297195,0.000314001500000168
0.000673020538438926,0.0001869239352549,0.000405655350940427,0.000686478256922686,0.000107371419003285,0.000872312205051406,6.01827238410106e-05,0.00024860217542892,0.000111307519057346,0.000285058916825477
0.000872933598375715,0.00021341893347342,0.000341397627674472,0.000634099570758408,0.00014265257149136,0.000470850918371545,4.90067910329847e-05,0.000102782842271218,0.000261471694195433,0.000161157982702569
0.000364093405065355,0.000186609963475943,0.000483233199175025,0.000504044157825634,7.18226084215052e-05,0.000451998739280497,3.59422680942333e-05,0.000152667188827939,9.97824375750684e-05,0.000178471799607048
0.0003503731449935,0.000266079737452153,0.00146073751257308,0.000986116722179212,0.000146245182570857,0.00068329499107176,8.00742657680419e-05,0.000187366174667328,0.00022677509998441,0.000170157253522752
0.000340683057392797,0.000247691431759926,0.000215510912357866,0.000171109222103865,7.77928480363571e-05,0.000392429846473205,4.39196384981843e-05,0.158225100261655,0.000143389457572597,0.00012484002499274
0.00029424062035419,0.000141547698285106,0.000192122560965127,0.000170731595507991,6.42988163178139e-05,0.000297354468447719,4.10270019406479e-05,0.0430181578864628,0.000176762520429,0.000102051413558783
0.00018240860220415,0.000164615450676698,0.000834397403523265,0.000703681274224543,7.38790772428241e-05,0.000796861981742022,7.67229078177418e-05,0.000107720450460748,0.000280415049306018,0.000315778375774213
0.000405237513471566,0.000447090531572759,0.000269494518398803,0.000253294920408442,7.97664272847681e-05,0.000520503743149632,3.23819562841596e-05,0.000135701171766926,0.00017741639498321,0.000275506279628373
0.000581342267804086,0.000372849476977634,0.00073385914078019,0.000191170515259845,0.000162493343530406,0.000854510676319303,8.55803521601878e-05,7.18348797706984e-05,0.000184629357560716,0.000225767323141026
0.000545761007161963,0.000505285414084946,0.00109793890837194,0.000285406046375608,8.76256337328095e-05,0.000327987637116285,0.000164067040854276,0.000229937540340771,0.000173489002856152,0.000148730872985214
0.000566671267597063,0.000159552370923966,0.000589695141959271,0.000239374582181991,0.000158064259589171,0.000322698497698649,7.73555770522664e-05,0.000126912141578519,0.000103304783652338,0.000208456928363766
0.000423573684023399,0.000147669801617875,0.000740866199113604,0.000673335084315342,9.13575554591816e-05,0.000680535150348925,5.12264639116429e-05,8.25850732081851e-05,0.000135350767123968,0.000162774577352655
0.000807343437305415,0.000452858905712439,0.000907934952332631,0.000216181368188595,0.000161349431924123,0.0007192472748553,4.79444665946423e-05,0.000108251063201597,0.000145423437249559,0.000120953934968176
0.000293029119949298,0.000210155768852927,0.00082754945511633,0.000163139861216082,0.00016862414575393,0.000499970944066024,2.90757836826959e-05,0.0001237342177755,0.000206708376353219,8.20659181231188e-05
0.000475503417779711,0.000171818866762968,0.00049708548306565,0.0004642706041169,7.74882070674708e-05,0.000605189797296313,8.79196999202394e-05,0.000178422124809189,0.000190461620042785,9.89260567634166e-05
0.00083688242449413,0.00043048386212588,0.000312994041852415,0.000401972023422001,0.000123361669274555,0.000276167199535203,5.30715062631921e-05,8.69634385859926e-05,0.00025414864360074,0.000102738520255636
0.000691825782455957,0.000400092685243325,0.00064143847059515,0.000257871337394198,7.66780676958047e-05,0.000254730247843221,7.63191312854427e-05,0.000167336095816549,0.000267831769763459,8.19702864738868e-05
0.000473699588148522,0.000306187568915405,0.000923107423713063,0.000536280184665569,0.000152240063247132,0.000553805337601543,8.04266070271097e-05,0.000231591977507916,0.00026959514532104,0.000276427112898769
0.00068287730848635,0.000859995623293683,0.00053800178948637,0.000528109484524546,9.12311691892849e-05,0.000205584360237284,6.84248067049549e-05,0.000232475879764783,0.000416045783318627,0.00017737204403352
0.000194188070783397,0.000417715649316997,0.00083948698486909,0.000539032817893585,0.00013145562505571,0.000668714069671648,7.51646429444049e-05,0.000236381617858748,0.000310367940934244,0.00024090276305279
0.000897382388646848,0.000501552097316553,0.000625935791086383,0.000304327020962054,0.00013966412253286,0.000875322187439366,3.94386448900958e-05,0.000251074406108884,0.000224315981839575,0.000123213057951991
0.000911041374552462,0.000463122211252679,0.000578857195726021,0.000633009319816498,0.000125419773221053,0.000892618288245659,6.73504687620361e-05,7.36906029853307e-05,0.000248482812000739,0.000250940098266486
0.00061103120802311,0.000324908564021458,0.000570551175486607,0.000133911260392256,0.000105009168059004,0.000578173220214337,8.0325277004901e-05,0.000196190945582384,0.000110056584659097,0.00010140862286189
0.000533046383046266,0.000471298938681717,0.000537162646000179,0.000454916620936883,0.000133220347145825,0.000196571175171185,3.13892876177739e-05,0.000152141606211774,0.000297095052375322,9.88600495866161e-05
0.000959978991729742,0.000786416896412926,0.000622704366610532,0.000324812028222191,0.000239784112449636,0.00065515508055698,5.21384108942658e-05,0.000119566746986874,0.000262265780531958,0.000192616572940981
0.000512117099556806,0.000294100665175584,0.000316915533568536,0.000479126500292484,7.89431962293553e-05,0.000679609105082426,3.87637553881035e-05,0.000127822863611204,0.000150697495605971,8.08712818624874e-05
0.000664857671185585,0.000402202364880825,0.000488869419924605,0.000390665250387693,0.000144545577955466,0.000821496633682778,5.60780976894072e-05,8.37009131428057e-05,0.000306553633626063,0.000239677069845223
0.000550511856694538,0.000518585561682977,0.000602426511244677,0.000498575245713261,0.000156003687382134,0.000479167008296295,6.20855004247629e-05,0.000109704903056348,0.000139280246889398,0.000185725184150184
0.00078193124678946,0.000478510483802949,0.000270695398856675,0.000199720109766989,0.000129809800125293,0.000383555642180745,4.03212765183722e-05,0.000214012757629222,0.000293916597122187,0.000112450277892172
0.000362671427959876,0.000438657319522638,0.000369972512279492,0.000257624345804779,6.77583700038529e-05,0.000789579562436755,8.2876066678511e-05,0.000193369503011205,0.000160870922386617,0.000121911724265226
0.000480366721513224,0.000405834192308378,0.000230183347081129,0.000157418896029647,0.000122838013883702,0.000311020779916711,3.88155275617805e-05,8.00882852155805e-05,0.000176587543822434,0.000279933637398264
0.000163983225121743,0.000139664317157774,0.000328549810727074,0.000151902329381658,0.000105792569121746,0.000303518434295258,6.33700667451217e-05,0.000144119826941518,0.000313487030154117,0.000257192668789744
0.000805422470827369,0.000222754773177917,0.00079307152677328,0.000341361159115002,0.00010650781745387,0.000761275579818831,3.45549842104842e-05,0.000150902790572652,0.0001338046036251,0.000159519324780157
0.000770856480387303,0.000271341452325606,0.000296624560202139,0.000619758249837822,0.000133091804823279,0.000229822989107201,4.09573690148502e-05,0.000128219102607477,0.000339524315754809,0.000261515369786154
0.000864209343499147,0.000317915018495169,0.000558218801856701,0.000584107466513354,0.000114975473980751,0.000813935067838544,5.08445907947854e-05,7.32763109388451e-05,0.000166862100421285,0.000274591626320926
0.000842269501184301,0.000199533429116801,0.000456097217680202,0.00046579971945291,0.00012065012550721,0.000655623675023922,3.64679008348959e-05,7.96586894286291e-05,0.000106522907827976,0.000208806320873928
0.000839227300580638,0.000166398225988072,0.00027656007494063,0.000390638710256071,0.000160522279387258,0.000390218261640577,3.44176356349712e-05,0.000236423025231722,0.000308329837946928,0.000283716874519572
0.000288587653093532,0.000160119053525206,0.000171143721817553,0.000443310309939849,0.00015455290829489,0.000719990119889876,8.77262342449958e-05,0.000234440532407699,0.000297613999341265,9.45033467587573e-05
0.000563847118591449,0.000287187777569857,0.000220641291349053,0.000258324862621412,0.000130434833094921,0.000645860769482981,7.87471461641627e-05,0.000205612244151137,0.000102727323782723,0.00010119110829264
0.000461992753375218,0.000277700249195397,0.000689521250318024,0.000547704245553243,0.000137634548972648,0.000373576384251541,6.86921043631238e-05,0.000145487483487822,0.000228434188251232,0.000186922199995641
0.000714324849196824,0.00050956525252967,0.000656363837182369,0.000398208778147476,0.000116063540177969,0.000677723133487942,4.99650455604445e-05,0.000123138927281705,0.000235962388510397,7.94298068104728e-05
0.000876616163163756,0.000451373992530557,0.000741750479875901,0.000596054762363466,0.00013488321172314,0.000257562302646701,5.74498353128993e-05,0.00013944808796394,0.000140030161546709,0.000295617288039938
0.000817105657500507,0.000333396273742814,0.000323796348005364,0.000509115407386922,9.13361427592325e-05,0.000554712650033329,4.24604556509067e-05,0.000239683847354049,0.000114506258666418,8.07277231402933e-05
0.000497449251867841,0.0004850477790407,0.00157088574994618,0.000254507432545186,7.66762625250344e-05,0.000671865192576035,7.1344084496738e-05,0.000100061058458026,0.000300798006094735,0.000127944096944064
0.000895226688503674,0.00049868569399164,0.000558202832188583,0.000697033619209537,0.000108125163181988,0.000695012673158581,4.40780155195047e-05,0.000153456636592531,0.000342724214050014,0.000237771136796071
0.000617294857869411,0.000473917366221997,0.000186216467270872,0.000656970714583265,8.29911725218602e-05,0.000558631999951726,8.68686113651213e-05,0.000162324353679334,0.00024443647982048,0.000130224129309878
0.000599811610192662,0.000449839314491993,0.000724132957406018,0.00050388765217175,0.000114463913674201,0.000748775660591471,7.23380288930188e-05,0.000212544418152026,0.000316678348678964,0.00027477314838875
0.000948091139362666,0.000354299157466306,0.000782283533318247,0.000450256611500997,0.000148209281129658,0.000172665333824578,3.34899020855753e-05,9.53921956503869e-05,0.00011449227932064,0.000249708561122623
0.000245846184668387,0.000262867881908948,0.000251246405356333,0.000556821627338976,5.9941192424615e-05,0.000674828184866514,8.48620688055876e-05,0.000118950454207537,0.000278533168655926,0.000159262195725406
0.000828127032616523,0.000252267479897502,0.000661063568943136,0.000351058537258572,0.000168350071456026,0.00017775244390617,3.79185871060126e-05,0.000208632222412708,0.000170662543582099,0.000281532715991573
0.000566127205955858,0.00034737538604632,0.00046016882971661,0.000199377257511464,0.000152844098926493,0.000707283608270966,5.42790148046387e-05,0.00017795135715881,0.000165207623735151,0.000288354449234325
0.032585857841143,0.000779411822785414,0.000428822913235337,0.000352808456443167,0.000155975546803017,0.000587874866925397,5.21697243703641e-05,0.00114319294126352,0.000667132705745046,6.80276507792279e-05
0.000542205591296149,0.000319795946251728,0.000492983807070682,0.000389828446890137,9.83360048360931e-05,0.000568972166942985,7.74078188258291e-05,0.000212186040017194,0.000145802773972976,0.000230811749501862
0.000365189747756246,0.000273115668413523,0.000330110790308379,0.000273330634550397,0.000117025224538913,0.000559050504518409,3.75788286892954e-05,0.000219608004495624,0.000339350266127227,0.000208238595506459
0.000299877402014006,0.000451234092685486,0.000690390072945094,0.000552906124053591,6.23706672583838e-05,0.000666788696086161,7.52387895028345e-05,9.07863609887509e-05,0.000278414675364767,0.000313356941156706
0.000399380819196536,0.0005127147007897,0.000358845384320054,0.000631185040562185,0.000390352541578128,0.00027223959551527,8.29793370234068e-05,0.000184035544160929,0.000104022695228032,0.000100141193606773
0.00048110913372277,0.000392218294319633,0.000727050639494365,0.000552156088135745,0.000142361750614144,0.000522538219538691,7.70602570715027e-05,0.000140521173027234,0.000168225508052966,0.000113580527198783
0.000679779166670079,0.000157278699694137,0.000323852329366663,0.000671426766195095,8.57323662234076e-05,0.0004869777808662,7.34703682297546e-05,0.000134728061518395,9.95340785943268e-05,0.00020879461876528
0.000822462837088639,0.00035888216214824,0.000787720033460194,0.000594260107923814,0.000123711495109748,0.000318750516021685,2.99878352893695e-05,0.00013138159315512,0.000199512993410389,0.000315393233903264
0.000834673887590242,0.000402508044959201,0.000859024329153243,0.000377083342670538,8.53607883207662e-05,0.00089297556792642,5.27393727134573e-05,0.000236834409241021,0.000299149033200088,0.000304853154388296
0.00042485787326874,0.000446647224692224,0.000499446594460436,0.000119535199948139,7.78026191148623e-05,0.000834029267731478,3.63878343378982e-05,0.000116842902695616,0.000148284014108707,0.00011808989919348
0.000857725032578532,0.000466573235639565,0.00068257314691151,0.000723314165015898,0.000118329183041898,0.000228670333153007,0.000104077934025379,0.000172828598885328,0.000197461225375488,0.000153392128206629
0.000656272069567104,0.000359426964453801,0.000513969577206967,0.000462599106784638,7.9812634683547e-05,0.000325838446221195,3.36326489119155e-05,9.55676236241243e-05,0.000138194297170502,0.000171690945603187
0.000181997000773971,0.000192663472990444,0.000269865586641914,0.000512724784071919,0.000116999665319802,0.000261436579701201,8.00535498149858e-05,0.000216837021748512,0.000139114967444609,0.000279877979063126
0.00015116525685302,0.000207927726398011,0.000841901416864684,0.000235674151348166,6.36961010504408e-05,0.000831789483783399,3.18529334036815e-05,0.000110446286675449,9.48139741166517e-05,0.000306651915989341
0.000302424468969948,0.000227767074055345,0.000902824953845825,0.000280984900589424,0.000151190051380876,0.000429051352332705,6.25506369764098e-05,0.000176805721577758,0.000180826719601556,0.000287211211139166
0.000943302944002808,0.000489341309413084,0.000439230317817656,0.000174948003211728,0.000165097525132475,0.000221478321635076,8.33787852830972e-05,0.000230869815362092,0.000121457175702499,0.000172177404683048
0.00053130427105131,0.000464418057179723,0.000725798243669162,0.000554685457575996,6.82381108520985e-05,0.000710002375904605,3.58232474817755e-05,0.000235058750661283,0.000193748052175087,0.000137437958396411
0.000534703741539337,0.000129756589654438,0.000769377440230936,0.000413864303651361,0.000123328237320074,0.000235529564533368,6.20066892749162e-05,0.000112780136993686,0.000257691877425302,0.000268486641648478
0.000390527137492475,0.000172589152596946,0.000775912400490304,0.000429366793311198,0.000146628420171509,0.000498774558312493,6.57444609186025e-05,9.21552213466592e-05,9.75555965046073e-05,0.000213699134383362
0.000668073122297854,0.000292328504251897,0.00069618692751944,0.000294358524411413,9.49012501210607e-05,0.000626583750310663,6.18411713318215e-05,0.000206369208191329,0.000190408027354862,0.000266652502259593
0.000838479792940279,0.000921798180351452,0.000325430377734811,0.000329451250179806,0.000198130374422645,0.000776528678699701,0.00014891168711643,0.00107157880544091,0.00180434834252493,0.000276481347665887
0.000801888968652215,0.000134761569793051,0.000572958102594061,0.000500683527855945,0.000143082145950271,0.000795683033400798,3.16621144235799e-05,8.03761942892324e-05,0.00018155443905429,0.000308318774522867
0.000503576836727398,0.000135730564086167,0.000775789124955943,0.000135087479447037,0.000160438088548091,0.000700902819684636,5.46718148083718e-05,8.71028361328693e-05,0.000165719923074038,0.000235764599131556
0.000727743703385091,0.000334006207268514,0.000800074969598584,0.000121781442345596,0.000124085602335218,0.000822541331236206,3.9328905453958e-05,0.000195810306016102,0.00026921404193712,0.000124068925059585
0.000215634245626746,0.000178377653106566,0.000868569119109931,0.000677406776402798,0.000120063451656493,0.000713583385496505,7.64109981012196e-05,9.16823146941441e-05,0.0003196404669073,0.000321865192629626
0.000830161764231792,0.00031574703281907,0.000246573134881448,0.000579281731895282,0.000109880787965603,0.000778172770745471,3.95532741381247e-05,0.000179120224218541,0.000173424088575507,0.000210248224053452
0.000435780625749701,0.000409743498104291,0.000346675916125212,0.000355363102316159,0.000160726305715123,0.000517224643660924,5.1118497551073e-05,8.74959809137565e-05,0.000119140154029136,7.7378773534019e-05
0.000515200605815631,0.000362346120107126,0.000536740670963814,0.000370684800166282,9.51895812822715e-05,0.000884827635647082,4.77448526956608e-05,0.000207922096494484,0.000189226310210978,0.000276340156744898
0.000343858233085578,0.00028719281447304,0.000526311034929912,0.000666463439366382,0.000126358563327194,0.000212033644846322,6.70567018426341e-05,0.000172481372316049,0.000164762262807978,0.00013409133907163
0.000832746149129798,0.000449435001871224,0.00083698783318769,0.000400517964787931,6.11847453739158e-05,0.000354022404087873,6.69791916744238e-05,7.98272553848506e-05,0.000154487081607962,0.000114633741232332
0.000974471152471241,0.000446522218518941,0.000379118765699893,0.00047336357742349,8.19475920913555e-05,0.000839656227266916,7.63113881011407e-05,7.21767003036993e-05,0.000302534413425598,0.000195609882054902
0.000505834975539674,0.000272272134136842,0.000713526262333703,0.000688118269665478,0.000147941126550194,0.000264217037802646,4.44498732166732e-05,0.000200742780892058,0.000164099640744598,0.000289159586720422
0.000541942202396249,0.000135251199843371,0.000391621555481871,0.000260025119703879,6.57871638212902e-05,0.000368387495537428,3.76585500274485e-05,0.000171095380054196,0.000153511273268259,0.000203131282530096
0.00100508685029807,0.00042519523631829,0.000397068068046963,0.000680380856449398,0.000158687730898912,0.000891684329000773,3.04950826348712e-05,0.000124694621172673,0.000339270017276747,0.000264774060007666
0.000772029141142535,0.000218537209043259,0.00532936076797191,0.00205185633857882,8.81854914885539e-05,0.000657440045402993,6.47493869558754e-05,0.000185860841634378,0.000198137638845341,0.000179429686153416
0.000459205005236597,0.000350627679044328,0.000859995868041345,0.000351920951906212,0.000106060317952737,0.000488739327957741,8.64531474409586e-05,0.000175314412510328,0.000104561706852886,0.000226499795257996
0.000452824893719759,0.000516467397871644,0.000850341823258216,0.000457176743310459,0.000123018957152622,0.000580121100541509,7.73399467100941e-05,0.000153194474007611,0.000199767481260394,0.000276411507623437
0.000883758728695457,0.000387671578859071,0.000187512145041836,0.00030231328046162,0.000114032986806077,0.000534274299850629,3.6130618222865e-05,0.000135971418226904,0.000126305278056619,0.000272778845785037
0.000446701212340578,0.000396596580053042,0.000721821740102668,0.000184929776361969,8.78553666703819e-05,0.000888075569275622,4.5841580877966e-05,0.000156935096446731,0.000200974534280988,0.00020254492654874
0.000708400369169299,0.000512223993837966,0.000330217557448225,0.000253988587338649,0.000129395469244888,0.000837352825690176,6.26673122964339e-05,0.00021290589761443,0.000308027232767659,0.000314219812718269
0.000796073163363513,0.000495112572554974,0.000790831956047369,0.000351885257716331,0.000168284241129416,0.000699835021553364,4.1197161044607e-05,0.000248202495961499,0.000185566322536548,0.000187210065121037
0.000471159396245327,0.000434623651437233,0.000377498736813598,0.00027982131351786,0.00015697082868547,0.000279283428428646,8.80374659707779e-05,0.00015262803725681,0.000212209287216153,0.000111307541598225
0.000730625536536724,0.00016672238044395,0.000504191317292287,0.000458218487488358,0.000164401949966939,0.000765864890726519,4.32723857536634e-05,0.000247345495803109,0.000187284559370067,0.000260549703712223
0.000232022202221929,0.000304542456913424,0.000326042628656623,0.000496939277887878,0.000159507538052464,0.000649802287612136,6.26075620963212e-05,8.64336414142746e-05,0.000155380027618558,0.000143475135953429
0.00028527786159135,0.000314115953427211,0.000373754088006746,0.000695852982942258,0.000123678793812981,0.000468716585619778,8.34165254928245e-05,0.000102361209695472,0.000226551694750218,0.000242622062557797
0.000488440839840208,0.00050808961132524,0.000584844901006492,0.000335409494618266,0.000137237678254712,0.000475740915653412,8.78923986642733e-05,0.000117305674830819,0.000175935676982796,0.000167281822611358
0.000780042450466755,0.000350802100094486,0.000468365379584391,0.000185252783745068,6.39969910714299e-05,0.000253484082203898,6.20970386909732e-05,0.000133736597952056,0.000241885466086556,0.000208072849991787
0.000607067304911249,0.000435292380526943,0.000267110632798757,0.000565990092169662,0.000153033492414935,0.000854868543654677,6.98595102273958e-05,0.000173600819612726,0.000176081393991741,7.35370038599526e-05
0.000963322683588942,0.000504626841840584,0.000887942690645098,0.000656208169753224,0.000139404153396373,0.000417884539489629,3.17188752832443e-05,0.000127374437900989,0.000339266994710227,0.000132527531594931
0.000582558923949388,0.000357591209596997,0.000490268890194956,0.000670489879479831,9.82009379890617e-05,0.000817484584923036,7.75383092150619e-05,0.000225610433979375,0.000256415560013382,0.000201239376521471
0.000428222285440066,0.000275333339873434,0.000744455182484203,0.00021153928888293,0.000159951756643833,0.000296440870149582,3.83070721991555e-05,0.000226958874881305,0.000140112451716678,0.000277643392750328
0.000364550477572368,0.000420309578483221,0.000555218677802598,0.00028090590512405,0.000128013190532366,0.000567889087753013,4.5848036725968e-05,0.000141842609155362,0.000156327183060385,0.00019372148404476
0.000599827370187276,0.00147988323506075,0.000185798593982508,0.0012536825861724,8.59029080660662e-05,0.00349932849057627,8.55401571328961e-05,0.00444966768645762,0.00141340196252167,0.00478392196652092
0.000953102210385566,0.000518593064073335,0.0002504590878533,0.00040098172238715,0.000130223581863416,0.000844664687248923,8.69892296347396e-05,0.000173311123179997,0.000249011694998341,0.000117129949223267
0.000535486623916829,0.00092323976641182,0.000312905997259705,0.0018193311478739,0.000294162511731462,2.78145348332347e-06,0.00722201200809012,0.000134357933812211,0.000221364184181566,9.04150128905118e-05
0.000466508478587239,0.000489925738518152,0.000285548888241189,0.000349831327377874,0.000159668474883405,0.000245112379197738,4.27943583424007e-05,0.000142209440080059,0.000322989867684862,0.000134581457795263
0.000890943919717174,0.000433563575874378,0.000779234464132339,0.000347083576567105,8.73247889857944e-05,0.0002881085637523,4.94845402615039e-05,7.68525915114461e-05,0.000278070307200953,0.000212278948067858
0.000438970744783759,0.000320625400549107,0.00063898673004571,0.000431346618949334,6.77215831514302e-05,0.000359770643220042,7.02875098858814e-05,0.00517179824273715,0.000325323868557962,0.000234839691181814
0.000810105877079755,0.000390740390950893,0.000385034475340501,0.000273687014859181,0.000135840793575022,0.000623356025704372,5.27004800111099e-05,0.000164742082242326,0.000303545256268519,0.000224587526656602
0.000564329983130746,0.000173850198224696,0.000562957035553623,0.000171200758617328,0.00016544108569577,0.000675877627103675,6.27510577224816e-05,0.000180950118442056,0.00016130429595975,0.000236377389997578
0.00033013592414411,0.000227386846880572,0.000275161882412848,0.00049503204235396,7.10809347233267e-05,0.000640406766023311,7.28008689075781e-05,0.000100406573506679,0.000236913522320054,0.000308044142971451
0.000749242049418124,0.00048491125459571,0.000298224944905539,0.000489646262032012,0.00010224487440754,0.00046248901127296,7.79508319717845e-05,0.000108354546668036,0.000259067607479475,0.000239124966758324
0.000193535833054202,0.000322531059734895,0.000161200953366974,0.000494574173635031,9.61959712434399e-05,0.00029334784815862,5.75680281970008e-05,0.00018840419648194,0.000164571687995679,0.000115377769696165
0.00097984472072623,0.000186653509299256,0.000715157479554887,0.000433555263284415,0.000139922896118973,0.000730827359811329,4.89173023874147e-05,0.000211755802731516,0.000126998386548867,6.96926866802132e-05
0.00173948706860877,0.000265215623118309,0.000305861912522502,0.000149712590482768,0.000161322257830003,0.000590028143822773,8.47985801612503e-05,0.000137179865293694,0.000118011861614457,9.42681507661053e-05
