0.00691849156581568,0.00618232085191829,0.00435634294269602,0.00147352002583597,0.00675156631617829,0.00661528017734917,0.00195899846979999,2.42098916796394e-06,0.000262960232314541,0.00648732224570579
0.000965358130804105,0.00415777348452401,0.00330114428343676,0.00193920856062493,0.00294934365297693,0.00597352993959686,0.00499299606539705,0.00230203684652754,0.00334041505100929,0.00588503679410587
0.00247399721174917,0.00160709961567844,0.0051335193451779,0.00149046601003393,0.00287493669848596,0.00117180506023673,0.00334386487462091,0.00364644688952492,0.00549760473319045,0.00163149339770545
0.00652061213560214,0.00502895234414042,0.00167204396825164,0.00210780348951459,0.00734023048073537,0.00658057891269821,0.00684825577398622,0.00257024930246598,0.00339896508490161,0.00415222421256994
0.00490422456398758,0.00716246966681198,6.02647417291923e-05,0.00293314252466622,0.0092413875290634,0.000470989849401459,0.0112760552701207,0.00564488248399848,0.00980448276018288,0.00705071663915143
0.00597175927836753,0.00559046047314114,0.000117571922749845,0.00225443628076433,0.00255712556584958,0.002041153571495,0.00242081462227429,0.00227876802966561,0.00572956005107601,0.00420390809998528
0.00243589864404553,0.00485692721892628,0.00210842788465631,0.00274545971073322,0.00054548843359966,0.0042689073274052,0.00606003565630495,0.00523788918024336,0.00532158498402023,0.000148165171377226
0.00755410310227367,0.00780680408224607,0.000726312214152188,0.00405144933962417,0.00625956900025244,0.00516643763117453,0.00364127495648435,0.00764991074866362,0.001037253368926,0.00420901204358155
0.00408298411932948,0.00186497655935566,0.0696427657653956,0.000263493112321604,0.00043080705071022,0.00122005067180102,0.000775685005464449,0.00287126703068123,0.00124482938414508,0.0009937936414095
0.00443049063894235,0.00141640067374199,0.00432337370046126,0.00108465391547527,0.00755581219477464,0.00453071893108912,0.000718443480260416,0.00179110396106193,0.0044057608856867,0.00301955411696378
0.00362335307980537,0.000245686466628322,0.00347155201339792,0.00199751278839798,0.0124461603200218,0.0174517735961017,0.00840300245626061,0.00557200525377435,0.00536802071059488,0.0112039445443695
0.00482989309202016,0.000232155720842853,0.00332757750711757,0.0021349602327237,0.00599060474627974,0.00757656870172362,0.00687350262520363,0.00176547799354497,0.00149560079358536,0.00194038009668507
0.00572367975416967,0.00491355981563616,0.00250746833070415,0.00248078434403369,0.00551871782377544,0.00815165453303528,0.00262851927562486,0.00229287699824155,0.00537810102552991,0.00585809433129835
0.00657392433974063,0.00633131895721732,0.00433126473274861,0.00269754374684582,0.000229221124136631,0.00215977716146438,0.00125896447463641,0.00319834699689371,0.00855676220678281,0.00428789480573821
0.00566237397185803,0.0045070833145371,0.00241115677053966,0.0024834390370714,0.00510797202579071,0.00779169751665167,0.00673836089245763,0.00168343659502428,0.00468371784953463,0.000238801184986938
0.00458166932449187,0.0053915701184114,0.00325014052198249,0.00233798661669082,0.00344310851593647,0.00161456106581709,0.00540408523253359,0.00485163521325481,0.00193847631925436,0.0051576117428587
0.00472750013034088,0.000994629637239051,0.00483913615845642,0.000390622342754562,0.000403442487814164,0.00295273162755868,0.00158875012783701,0.0026625289256762,0.000962085125902568,0.00541517685208676
0.00164703956638024,0.000911963915839804,9.20071504031775e-05,0.0319312652601471,0.00134850492531214,0.00599497119441913,0.0076639184432558,0.00205738190308887,0.00439297994558137,0.00416200518723529
0.00462654260925602,0.00277534866929282,0.00258708029684618,0.00378726321900321,0.00665743812850031,0.00548619641345385,0.00527867842705048,0.000366581420064197,0.00411528037469574,0.00588383953145036
0.00164454158658247,0.00125963542419644,0.0067698188105959,0.00435931594437204,0.00257959342981047,0.00526607907529235,0.000466573008013165,0.00887117498317039,0.00241076338399998,0.00331338074999738
0.000573095009040037,0.00200507216011263,0.0051449456949706,0.0022005607362205,0.0100701226594643,0.00614254605838224,0.00705014140970851,0.0037748234084824,0.000382450360033454,0.00134457158446096
0.00550408220936834,0.0059068786329229,0.00133422046082717,0.0027348958839296,0.00152597147985192,9.23574792674757e-05,0.00454039502548518,0.00402361668854797,0.00353110585319208,0.00573377151377521
0.00225467959681658,0.00119727381657264,0.0047633608903014,0.00275727499918733,0.00392711754097131,0.00183763593434981,0.000679377055256319,0.00394122804057712,0.0015014389076227,0.00410869513402359
0.00535715078420533,0.00559295646147241,0.00270913166343839,0.000547548524016046,0.00169192291134618,0.00381766143363919,0.00168140350535243,0.0035110312047736,0.00190775786454222,0.00257133315740666
0.000410844462869938,0.00400980302037276,0.000503042420541341,0.00200336282136973,0.00729558849575141,0.00276688408439289,0.00512412907973325,0.00682401910302578,0.00480673797165926,0.00547000831987622
0.00403537971992077,0.00112817627290592,0.00244940862438398,0.00441801626286549,0.000869024832764485,0.00174296040710779,0.00381893085690905,0.0039146496831234,0.00147199534157169,0.00340701363351716
0.00135806832821114,0.00651453802181055,0.00278510628104216,0.00278494296021989,0.00323983401976363,0.002687010264826,0.000226029649106278,0.00557311623605522,0.00641495824909988,0.000656976717782428
0.00450742289879128,0.0052802978373729,0.00209911321510495,0.0015596294330462,0.000712485677868529,0.00325816914198911,0.000405465961889831,0.00602551823399018,0.000351106267834582,0.004136631565481
4.904043083906e-05,0.00217322079771997,0.00393051267558316,0.00390270285672189,0.00286722873932529,0.00277211905803046,0.000427465733723148,0.0026691187317051,0.00392651064712851,0.00222535684718767
0.00770740774110985,0.004858715393681,0.00187082153733208,0.0011835306481545,0.000809573346435756,0.00405949196423048,0.00554737160659788,0.00355448783742594,0.00928739670575349,0.00396196728656736
0.00626349632456905,0.00274106443022804,0.00686617205670257,0.00223618084976129,0.00645427957849493,0.000715546372619758,0.00388034768879319,0.00794995791518114,0.00402489245407256,0.000643917061011248
0.00703598891880972,0.000132210085468155,0.00234252448193032,0.0044598982401291,0.00835366433504295,0.00346181863619206,0.00100012757563766,0.00680400468827122,0.00141896284058356,0.00537858048979206
0.00624572343527599,0.00330291281918275,0.00439327114573921,0.000873124838496406,0.00560388543346203,0.00758575627475991,0.00519477777586033,0.0011644090503984,0.00719382346369342,0.000203338519390685
0.00223687077167409,0.000620263673210028,0.00054315702737709,0.00378437068680547,0.0019172905488738,0.00464211881276065,0.00352268475619076,0.000336088255916179,0.000166885333103042,0.00206445098692272
0.000197256323271203,0.00282289575950339,0.00328823036344664,0.000216537795477278,0.00374399788067802,0.00151803990018126,0.00170312540541187,0.00303065012827144,0.00453764182023609,0.00379090227486598
0.00426014893215995,0.00415787799989275,7.72413297570029e-07,0.00421202708518983,0.00021861603010465,0.00418610975164486,0.00195436571465841,0.00256238685820055,0.00239107679990859,0.00628748350949837
0.00148707534138933,0.000523064774682054,0.00339320798406357,0.00487127429974418,0.000859766209007227,0.000328493461880661,0.00409449867485182,0.00355354963954455,0.00331437788165165,0.00461490357229406
0.000307037989012558,0.000559748239192426,0.000969161560590682,0.000422587945957679,0.0011236256134962,0.00428111297806598,0.00805359892326356,0.00602316510638253,0.00598977504290758,0.000766273454427629
0.00292058381429455,0.00409406535571582,0.000305770329851918,0.00203086158725992,0.00415976652355568,0.00246438990043686,0.00218888696393073,0.00206815290487347,0.000807593555817707,0.00354214040233635
0.00534260711513821,0.00195930200184621,0.00160908098770227,0.002925837818275,0.00652824353782853,0.00558209271697134,0.00231064692503731,0.000485251934558435,0.00520259669525155,0.00219077569769602
8.91012558848376e-05,0.00615494971871038,5.69523624799029e-05,0.00227680899646775,0.00346411652039689,0.00802815012593134,0.00197988549592008,0.0028793979253393,0.00401809688624935,0.00550503664805014
0.00727722218457636,0.00611581800040598,0.00122456065815464,0.000887675767854991,0.00163369369402144,0.00190194946503655,0.00499532416708917,0.00851084180336421,0.000915029044796131,0.00754566303082805
0.0080569162964666,0.000600645664138249,0.00490742627341262,0.00143409750874404,0.00321571036542879,0.00126961786334142,0.00359016402363134,0.00358688304517618,0.00750983902114059,0.00460000801793093
0.00891011357616826,0.00203297582922924,0.00511451216187291,0.00076366387022738,0.00364301020248177,0.00351217785350262,0.00311675196537523,0.00527195896987239,0.00444184669305525,0.00200963081838686
0.00679626535742787,0.00216951664739946,0.00179233764198839,0.00286815612060081,0.00437811098230777,0.00587868635362961,0.00616105230820055,0.0010429033162779,0.00145160199666165,0.00801239947987973
0.00203994651103175,0.00281834649967055,0.00355853169063802,0.0039652272674635,0.00417607219140102,0.00214867604662189,0.0049161623422097,0.00205424811566217,0.00159242271224324,0.00131385778605771
0.00115684377587817,0.000233851241970656,0.00395513449875171,0.000498322364520426,0.000233215795261036,0.0061188870038563,0.00575952378593795,0.00393815392180228,0.000789536725115734,4.62456227883475e-05
0.00622143661672974,0.000389418834787796,0.000128451514651239,0.00123837256239514,0.000141350168288445,9.11540620465308e-05,0.00831450365149382,0.00732228631585989,0.00725932559787696,0.00404147745864474
0.00348797012085931,0.00430769522323969,0.000900628290392116,0.0042999483210654,0.00438447881104577,0.00212470103724699,0.0029688378811604,0.00115506156448291,0.00329186140353888,0.00247669390091573
0.000438892832219013,0.00333503355841437,0.00269576171579225,0.00337275798036961,0.0049431950503755,0.00401840014997527,0.00420092223616313,0.00351501931024022,0.00455110746026633,0.00231446581408624
0.00103349751386877,0.0059776471463188,0.00113202561862453,0.000468521886828862,0.00431359783722928,0.00300902461948633,0.000452979844931412,0.00107147612983879,0.0074142213148516,0.00325654860684262
0.00791457185419549,0.00547793563294615,0.00479245905477656,0.00276235071455544,0.00497710182894023,0.00169601780348142,0.000325275451549147,0.00103280451040546,0.00117294805398678,0.00455344666324851
0.000864239139646116,0.00350906785686301,0.00280515517241833,0.00300357049601937,0.00459962899131728,0.00193208223098846,0.00232074391059299,0.00203170997882686,0.0025187612718334,0.00508129877814608
0.00381103160011076,0.00712153156952598,0.00396825601193473,0.000913374918665799,0.00387840650066556,2.12854282020784e-05,0.00512101763298798,0.00527337296791484,0.00226124476880865,0.00135738145333918
0.00144020989383559,0.00410155061155329,0.000101578682367646,0.00360304148306824,0.00494370634461606,0.000934671493982666,0.00142591188154551,0.00287582908473416,0.000533276674413944,0.000564840482192251
0.00158753928616023,0.00317670182672138,0.000593505793801357,0.0552673071876905,0.000845242789672167,0.00106423431945572,0.00385273324111553,0.0135268006456257,0.00871475215670143,0.00250958619403886
0.00152466577389659,0.00162373310718154,0.00191206994418161,0.00144701554750099,0.00093157281312853,0.00467580971310278,0.00386037106002077,0.00288329607712268,0.000452982576101198,0.000397333817897987
0.00257580627510901,5.36055541458659e-05,0.00304681690372011,0.00455578205959465,0.000545015267747239,0.00221797307197866,0.00269218919692246,0.00208782979984024,0.00303461235067782,0.00469733237968032
0.0012407451156665,0.00276086685926546,0.00476918620628246,0.00242188892578184,0.00335400908686271,0.00228800608185201,0.0024606520021315,0.00306896632025417,0.00330083421993948,0.000712119873722915
0.000940050247842097,0.000215357535402972,0.000465177290704137,0.00188506977615261,0.00174894759065135,0.00475786016393132,0.00381893437409546,0.00167279083674962,0.000537911045077114,0.000420781502594765
0.0027045956464202,0.00312125593273423,0.00377862674985937,0.00269108061467479,0.00141864319220175,0.00333145126526898,0.00253488482087215,0.00131880443955422,0.00266558176688416,0.00129858338146434
0.00152639184984552,0.00441260987378647,0.00259226286878995,4.0020410869021e-05,0.00252032921848797,0.00271752372159931,0.000190255880147754,0.00268298254399226,0.00383633653127498,0.00657229056591087
0.00656023890405897,0.00227644913305761,0.00276703086121522,0.00538492940970379,0.00487484939391938,0.00267274297338156,0.00765872349624957,0.00361731701109826,0.00100575990406708,0.00661832153770199
0.000667821518277951,7.47083515799924e-05,0.00486199518124522,0.00370930807751345,0.000862011502871573,0.00342316111531768,0.00232590211897729,0.00435863750377345,0.00741358958404602,0.00210184645517051
0.00445662125913629,0.0028948043284385,0.00374028000668142,0.00248123944651489,0.00131698905326303,0.00167993241665909,0.00133553470945638,0.00196317098346932,0.00283695815440338,0.00161256974738098
0.00822016749092916,0.00173062031721839,0.00347487574911882,0.00162780911425545,0.00295091579615727,0.00200338023052498,0.000562625149826694,0.000736354727409377,0.00207550065563466,0.00628277121653018
0.000837340575698031,0.00362558300813805,0.00497335788180941,0.00196249310743721,0.00177843543259483,0.00214176566738198,0.000631731992399938,0.00400874168570367,0.000402056592314796,0.00180299049107937
0.00560971840875294,0.00868155966435952,0.00286211729485598,0.00293068134905336,0.00153448142575738,0.00367199113717934,0.000603315422181984,0.0045197239876008,0.00483811808505491,0.00282886592125343
0.00399536443099593,0.000374750544924867,0.00121866351953075,0.00556888870781541,0.00123875824831596,0.00203247442587327,0.00300468529273634,0.00474123859169482,0.00233243883987094,0.00412385554300332
0.00291646211245204,0.00272398609978472,0.00343681932949626,0.00324139692809827,8.05348919900551e-05,0.00394491889495947,0.00128640035195483,0.000509869842910581,0.00352459015489544,0.00509827116418116
0.00528612457216479,0.00486787062115804,0.000265724706775958,0.00113616190556508,0.00371391467671356,0.00348038387125582,0.00496373475861897,0.00145213792738457,0.00353355388122422,0.00337223371544256
0.000419912769882147,0.00268840376293416,0.00531894949061622,0.00405459363333186,0.00466899234747977,0.00451507056623207,0.00140754529381059,0.00507645829448945,0.00311317814914886,0.00537987656669793
0.000177962847331472,0.00325606697309599,0.00370840121967263,0.00133283155104636,0.00391795673996102,0.00447601628976126,0.00398777060021823,0.000736447046548554,0.00145008781703519,0.00417262534980618
0.000738948452145819,0.00156190186898739,0.00240687432713353,0.000794674226282501,0.00388768011815572,0.00665651207064579,0.00416857067487723,6.13109607570735e-05,0.00528777261622629,0.0110140049031805
0.000840620599427887,0.0044232468752403,0.00363092903713013,0.00229122460234993,0.00370724349191387,0.00424230552583095,0.000913744711819373,0.000611444534507352,0.00488522627397033,0.00426410597836291
0.00145004391045541,0.00273107501041051,0.00262097155810427,0.00126277511438373,0.00481893128207671,0.00499554264514015,0.00521146863139391,0.00136032942015271,0.000476117211528046,0.000129957272937261
0.00148891236077494,0.00250822370630976,0.00381939694200326,0.00463940322440797,0.0027533793306879,0.00361859237826431,0.00428899174313545,0.00410342283833537,0.000882613271874586,0.00404572369184518
0.00570672328105354,0.00779404767776842,0.0048315508967917,0.00164770081281818,0.00507871269509359,0.000166176012500915,0.00550711628176424,0.000681227330228221,0.000674304311638059,0.00628446246847371
0.00337866586839794,0.00286670964041131,0.00431031389708254,0.00356415404107634,0.000280283363246981,0.00394432296345675,0.00467858614440321,0.00142358561035885,0.00401610474030182,0.00335832537258753
0.00337506578959552,0.00486593308793523,0.000531295177762335,0.0013684542994069,0.00601057471135728,0.00207295320692453,0.00190317683569326,0.00378341502815717,0.00108129350264662,0.00247616415591595
0.00143611797981955,0.0056528812729254,0.00411437769633106,0.000582875231919467,0.00526533127516136,0.00075712013634252,0.00383697793579171,0.00250278844395016,0.00320247700915848,0.00113827359335197
0.00244570327559574,0.00140573716077801,0.000521120329991231,0.00180879004161305,0.00216302447168134,0.00493949844776811,0.00379385695428137,0.00348227211548789,0.00372684844821446,0.00202751826636006
0.0021824875907516,0.00475293434774246,0.00247395871919921,0.00455820261491047,0.00435146138786135,0.00285225985464274,0.00447703288882818,0.00028776539309306,0.00389026018860543,0.000975491776111636
0.0031878651864508,0.00221734479667672,0.00129845842902558,0.00152460961080194,0.00217260627321386,0.00150402408044348,0.00037412778131562,0.00220965494147739,0.00550779641318544,0.00339466892211355
0.00206381041059159,0.00286375074614314,0.00502289452254195,0.00280886872286692,0.00429835179134897,0.00489765385888113,0.00262205023161559,0.000419726575798157,0.00359298589814482,0.00296981055443111
0.00373191024121165,0.00525803136180118,0.0025915058891846,0.00424646478669953,0.00523639180360273,0.000899278885975239,0.00384774824794832,0.000244434750161704,0.00286672462649274,0.000442256928884352
0.000586531681836687,0.0010303362089081,0.00790721469104639,0.00399782664676239,0.000548681281176786,0.00553541442760574,0.000428995508506855,0.00740199511407203,0.00415205734722375,0.00188689017151775
0.00547959142744556,0.00499451491208345,0.00106909709694761,0.00223012526388078,0.00398034603676559,0.00277227126734441,0.000739296500847609,4.45014778385824e-05,0.00350654887693176,0.00459419874406985
0.00169231454683954,0.00109242694924413,0.00277391401845751,0.00256155824323616,0.00376245426902473,0.00466076170226481,0.00219677112029649,0.00602390632518057,0.00484229979273583,0.00135389075631621
0.00545349302954033,0.00117938707791296,0.00147644678066586,0.00499595415448176,0.00059400531600271,0.00368048130746787,0.00101388859624984,0.00417695931296943,6.04406541327179e-05,0.00128204553853334
0.00316323215175134,0.000885217435713515,0.00550236363643111,0.000966871681272355,0.00226198284944832,0.00767290508608447,0.00138200007875345,0.0099716787727059,0.00529763791593338,0.000560923343648674
0.00206828137962707,0.00443386061229186,0.00813475438098427,0.00299757974866578,1.45923076424137e-05,0.00584077450902616,2.14227866037942e-05,0.000361669636776491,0.00615447226855514,0.00382752291989054
0.00163279764173696,0.00019809226762089,0.00226877643409243,0.00301371307137731,0.00121524234591292,0.00190243145061099,0.00221134900509365,0.00346791925038734,0.00300834522573415,0.0025590715914249
0.00294460671829085,0.000289356794601504,0.000104693121713393,0.00252429851244992,0.00494133067151243,0.00349729728730796,0.00417356821124365,0.00283495275969343,0.00263494033911103,0.00032579194016642
0.00494336080152356,0.000643459570333941,0.0014073615124634,0.00225435746618069,0.00337992767634257,0.004612861585623,0.0043489199213362,0.00487305550437929,0.000237647825326666,0.00371503084627816
4.78849479235747e-05,0.000162125184451957,0.00135989958004933,0.00401625613090736,0.00337761312210319,0.00322832126375845,0.00291146945374564,0.000289154965109611,0.00447602671270305,0.00107492536987322
0.00243281320429916,0.00131636964429185,0.00523149558956795,0.00256307277208637,0.00459950395920608,0.00362896930205393,0.000752279499737575,0.00114319304336133,0.000700922294604178,0.00244443691851298
0.00158433410306995,0.00361686518759831,0.00278624465929376,0.00619465362835887,0.0051519702900403,0.000288208594722145,0.00176526497064435,0.00105084694800919,0.00458949426742769,0.0016650496274026
0.00168293159314953,0.000305415519316211,0.00259700572041797,0.00221830752491027,0.000219387711654781,0.000300647630813223,0.00153317770635112,0.00364548022006548,0.000596100185449832,0.00220895082480927
0.00249749869747707,0.00492780998663883,0.000783326109817928,0.000172143235236549,0.000137143438659558,0.00235685479331145,0.000257164755652303,0.00325352011818483,0.0024275266381297,0.00380279340527846
0.0017810568857373,0.000291326277124025,0.00442740572333224,0.00351457071349386,0.00225372722119376,0.00249726490115303,0.00308201511461987,0.00267679312673325,0.00319389322799617,0.00601768309880625
0.00160482636678771,0.00139240188610361,0.00560701481916748,0.00457029572403871,0.00497195137112594,0.000281085413325644,0.00129311392458265,0.00196513945758696,0.00184325786370297,0.000759784087834667
0.00111141294734905,0.00334366786345071,0.00150402174396707,0.00109344561276686,0.00496532431012759,0.000401215213793655,0.00224957395232396,0.00431207929220194,0.00192583009784124,0.00498766728775362
0.00607800235381807,0.00113563293285626,0.00452869232490382,5.97416573242113e-05,0.0031440135363451,0.004059246705793,0.00288517920196973,0.000909783633802784,0.00173348584150807,0.00177763898339681
0.00524971267335949,0.00448698260658739,0.00676381278871808,0.00361821455311794,0.00102410001654849,0.00172188453721767,0.00560266290207767,0.00168184010407,0.00244554095811697,0.00218458900250752
0.00354124073886215,0.00197253817860683,0.00090078106864742,0.000464752109728515,0.00402645389878261,0.000914514023473703,0.00476198968076808,0.00355122018982531,0.00423070746784364,0.00195348866827481
0.00238573397472881,0.00231630189100109,0.00450406992979342,0.00476446811842753,0.00485781098564833,0.000355951268385598,0.00426506572609176,0.00399438645810367,0.00123798073174713,0.00506030653585267
0.00485583266358718,0.00509007849693972,0.00391043386646657,0.00328474281064037,0.00496457775855096,0.00345655480873868,0.002252564438658,0.00240295549213678,0.000663649563605047,0.000982702116739616
0.0027807820024816,0.00420204668052037,0.00272002862470583,5.52290262816049e-05,0.0031829903489842,0.00215746948866811,0.00479217152613884,0.00187584177260198,0.00239298391940622,0.00251146493887646
0.00139982913970677,0.00487138261735597,0.00111643393421284,0.00367514112687145,0.00194698881509842,0.00183415818694,0.00451933464002544,0.00408460041383005,0.00203434391429241,0.00314846914125446
0.00185071452366407,0.00383765437004786,0.000709193534698454,0.00333752573394324,0.000740096530338568,4.7588642327936e-05,4.97962898039741e-05,0.0038097249256089,0.00136579633404798,0.00227533507421945
0.00117157967915944,0.00824476489932393,0.000172059689369781,0.00164879363416212,0.000122918761499331,0.00355992240232575,0.001273330883524,0.00345528190036961,0.00346603524273059,0.00119568355557608
0.00385945048618315,0.00498189731004918,0.00319190735977554,0.00414581455598738,0.00196216263786752,0.002751881989205,0.00154044821710002,0.00386249290290786,0.000227657852261765,0.00038733618469261
0.000878644336884131,0.00509162788725186,0.00563352136721604,0.00224306064655139,0.000119997938706162,0.00443222860315377,0.00055490288436695,0.00494919833550578,0.000633372499672973,0.00521777125931442
0.00373154483540235,0.00266624131611032,0.000715570659240847,0.000873912226712407,0.00160873815843841,0.00455842427016407,0.00379952209122077,0.00290475478017403,0.00110726681612602,0.0012683205866043
0.0037128552917391,0.00382312581744448,0.00268466077013742,0.00184565295244502,0.00349221169437951,0.000939516874194986,0.0025944928925536,0.00171947041489709,0.00252048554415267,0.002178853061739
0.00330450735220908,0.00411013133711529,0.000745934536866101,7.93575311448422e-05,0.00215340077573023,0.00469925200069898,0.0047015674999303,0.00473493822485564,0.00262962711765818,0.00202993036022023
0.00340623240293512,0.00506154798199788,0.00397284222118519,0.00244109948945498,0.000729720155594772,0.000964178552562766,0.00423007679152262,0.00350845991701444,0.00351978961310004,0.00269103360464379
0.000471400424550846,0.00129331591699158,0.00146889320597642,0.00182502290858475,0.0022163923756775,0.00419534045263007,0.00118290399864365,0.00442365735202251,0.00323025367282697,0.00504858109564445
0.00155581958415825,0.00346675019898431,0.00529628584468264,0.00292286780715341,0.00232303286102738,0.00083312566987663,0.00138979078512856,0.00166451229045469,0.00403372929824414,0.00520965365308285
0.00367385022055151,0.00122155315004507,0.00108254378632106,0.00394095196831654,0.00357957988157193,0.00106550806256689,0.00146494130190884,0.00408367957620368,0.00102961446355017,0.00482737326704719
0.00347724699671871,0.00418967138717645,0.00463094838377711,0.00422567527838884,0.0027770780987049,0.00389157723597848,0.00236348043140301,0.00190907742028005,0.00395339343512573,0.00440023979354478
0.00362435944513731,0.00312343281111695,0.00536908881151817,0.00453278767619533,0.00351472452271092,0.000924947062029992,0.00519037030110025,0.00139064247693372,0.00128281970149396,0.00147292732402059
0.00037988712502883,0.00458719541031272,1.87406676837238e-05,0.00365158433230699,0.00167907810500584,0.00486639310293879,0.000539625858418934,0.00191307017974709,0.00298242744761769,0.0048395103072224
0.0049271815897992,0.00452089806298869,0.000135689575449237,0.00483442168543773,0.00346795064377766,0.00340787972881518,0.00293771868540278,0.00176594578227126,0.00370970585665693,0.00474198390887801
0.00239413484294394,0.00249716544086314,0.00355928698642061,0.0042770850279714,0.00203004277054748,0.00254995212923534,0.00450556373456199,0.00454917076363489,0.00422420374963664,0.00410780972008977
0.00123126634148906,0.00386236497264999,0.00104222072883583,0.00213193850216208,0.00354842026803971,0.00203215909941975,0.00104421474132403,0.000895860448021989,2.73065028179609e-05,0.00513949576375795
0.00408884509104727,0.00277975174852136,0.00429249531336121,0.00332244276717786,0.00366881454755948,0.00332112192872682,0.00351619090706138,0.0020279643062527,0.00277682277155753,0.00493495454153879
0.00563634666914959,0.00141191234492143,0.0021168695369274,0.00324729415830024,0.00381247910666577,0.00464030769422681,0.00181557679591564,0.000349213224469464,0.00385798729992745,0.0034039755521395
0.0035414687685806,0.00378297355354193,0.00110509879713346,0.00443248352168775,0.000920104912654936,0.00266130999422909,0.00354700121060584,0.000998419947884839,0.00190851513969726,0.000154178821294127
0.00106960810443486,6.52711960572602e-05,0.000713171889147889,0.00234101185695972,0.000597297887137358,0.00422564136397152,0.00373875640259906,0.00807622066370103,0.000287342157865651,0.00132047224414935
0.000605613321576721,0.00210837154896121,0.00198306608434003,0.00154619178941131,0.00409389726012882,0.00277342342626224,0.000137440380992834,0.00289948909218031,0.000968743440895422,0.000425264669188522
0.0036120016764839,0.00305845089525103,0.00259876826044636,0.0013829716944343,0.00407713134544724,0.00155952876252285,0.00508963685951889,0.00369452383748205,0.000120560686620043,0.00494973770882495
0.00439770765053785,0.00125147261457986,0.000301547284540066,0.00523072783998219,0.00261460770992498,0.00262482273872349,0.0029277000082337,0.00107034890864591,0.000573631732769334,0.00162659350152231
0.00232431333148911,0.00162163188606883,0.000415917610626723,0.000166071245277705,0.0019557436391704,0.00472951759557919,0.00325039200249318,0.00121201483440867,0.00242846417105909,0.000351683117097916
0.00552500894565109,0.00245017047173072,0.00476615650713383,0.00106659493887768,0.00162931815679608,0.00371424792332162,0.00399244180708093,0.00424128997948464,0.00418337012040811,0.00463935621732058
0.00314688410088128,0.00116204971796193,0.000499424686833745,0.0041136612676199,0.00257267536095933,0.00223725886631186,0.00213659416513096,0.00468716274449928,0.000484150605943627,0.00121897506140617
0.00420627561010436,0.00390173709859826,0.00199732258309888,0.0020291912812892,0.0030857936187616,0.0021556652795216,0.00124144674293386,0.000457023673797236,0.00315666358516335,0.00442615475949673
0.00209948832293066,0.00277994396297225,0.00130994489112458,0.00244328297899294,0.00493875316457736,0.00317301308135802,0.00327884642137123,0.00296890619846998,0.00190654514495889,0.00318318150782859
0.00525496771621744,0.00415864261742256,0.00312533529531833,0.00131824106701784,0.00522572517061963,0.00121193615213638,0.0025286558114708,0.00530363748523433,0.00550445099990567,0.00150170417510088
0.00276475344011365,0.00489532846106342,0.001307411501559,0.00336378315989054,0.0030138229477549,0.000330900961897779,0.00186118209424718,0.000356024990469787,0.00425799037338985,0.00346426460666965
0.000705079647061967,0.00297141710099365,0.00346037544337442,0.00339160702447244,0.00294789228113495,2.47494356706828e-05,0.000670270959168528,0.00444868624336786,0.000930533519755125,0.00409209804743278
0.00486898396506932,0.00269056390441738,0.0011136482820722,0.000760392223423981,0.00462323681505394,0.00170771150050676,0.00462988062598587,0.00161159680960323,0.00537195770542679,0.00422915050058073
0.000847366789611949,0.00266526959747297,0.00047214997373395,0.000460620195410699,0.000844422452434623,0.0013629561487986,0.000522619297302094,0.000667922259206186,0.000745575124077198,0.0033527074108251
0.0030409286593793,0.0034002510133347,0.00396892743591493,0.00314196198930886,0.00210901688237738,0.00293619254133038,0.000466981913343035,0.00465819294983305,0.00264759772905688,0.000252760023022529
0.00213100034095326,0.00328178697474375,0.00262740958975425,0.00128749062291563,0.000583160050565853,0.00192763972256231,0.00146244950798101,0.00434313717162681,0.00310325113030286,0.00249063315937754
0.00406831776580384,0.00254447070894449,0.00122845653119318,0.00354269268013827,0.00503592806947299,0.00152923068098172,0.00126846119105175,0.00466706152094894,0.00206681057955319,0.000476825060314065
0.00304592806676304,0.00204041845918102,0.00289552517572008,0.00495756766632878,0.00376571248770128,0.00437848144732395,0.00390737338707886,0.0010413328530329,0.0028551866020719,0.00182901260678168
0.0012349750643877,0.00365056983860586,0.00238950342384667,0.0024333107572763,5.2909204078957e-05,0.00119714450740269,0.000877400186121757,0.00460347446814926,0.00119860105157452,0.00304215787499157
0.00041131414419233,8.20180256276375e-05,0.00177956113696791,0.00197997574213145,0.00358549514793174,0.000527362838236669,0.00120612830307986,0.00187149478298172,0.00404644633424484,0.00299856757933632
0.000281174213707615,0.00090289523828824,0.00407386738617887,0.000528946434808575,0.000944382331981479,0.00364533360262317,0.000959601620703381,0.00375482541940925,0.0034210367411955,0.000724217450369684
0.00234449148303219,0.00456976523070515,0.000428536132605961,0.00441028766975494,0.00405363305876008,0.0036337515440497,0.00157950973539782,0.00144800452201799,0.000472151864502647,0.00420216934003904
0.00171871739560773,0.00279537728161044,0.00407323427125051,0.00275921158555852,0.00451662789644522,0.00488698076539332,0.00373954028349273,0.00302775316977029,0.00021936124735705,0.00357609715906824
0.00409797583553224,0.00310631874015644,0.00504618950339126,0.00296557222644403,0.00499561287975933,0.00412239981362877,0.00269950359405053,0.00375572633020937,0.00233933597079566,1.04591660363357e-05
0.00234231889048865,0.000243338004201909,0.000687580246689476,0.00317602190284506,0.0027521401488112,0.00165515338900509,0.00524687965923997,0.00333363675147859,0.000340437254090559,0.00280855332934488
0.00405093063974106,0.00486761569348083,0.00185408789314408,0.00478317635850508,0.00536860468679406,0.00262937315186982,0.00254004008414458,0.00034901269191269,0.0010808204208003,0.00155354275729011
0.00395984228280056,0.0046865145191097,0.00169418856511217,0.00450229720419156,0.00266460746420849,0.000791357865384312,0.00141311710350508,0.00418823727089898,0.00115599952371391,0.00199358983070507
0.00223050323570385,0.00349037792220496,0.000133362894802164,0.00401902072937767,0.000425130639715015,0.00406418498060695,0.000659490339722175,0.00255943989775844,0.00287220472253228,0.000137462423571618
0.00554253036076046,0.00479248866849404,0.00346747720805733,0.00481193933370533,0.00071821006221212,0.000735635713158859,0.00424732058688958,0.00313379136167679,0.00476443967578097,0.00101600860439183
0.000875540847360053,0.0010987851376915,0.0053684603609985,0.00474745123580374,0.00369768611628671,0.000459435722357257,0.00295759671721369,0.0025057760748821,0.000644255959810485,0.00327411585980938
0.00104828838820089,0.00147723372965135,0.00253656971557269,0.000393354592572394,0.000394656629438678,0.00346276177708405,0.00104354305881242,0.00534077511331071,0.00395268824470495,0.00275864223195391
0.00191152752045229,0.00334640686976875,0.00233989811687113,0.00358088705294611,0.00506845348324427,0.0043172251802579,0.00295367673071858,0.00389764488513402,0.00529075722836086,0.00180289082020592
0.00333518437753432,0.00157210041011125,0.00236919546053001,0.00422075668001363,0.00472164412749468,0.00445024855012588,0.00423931069685592,0.00355762236304837,0.00276847584700569,0.00358314503832674
0.000855825174220694,0.0026871590226486,0.0025871167181303,0.00317337919038223,0.00159734626705857,0.00262774758283554,0.00367372567366977,0.00425716102408571,0.0032947658684611,0.000391565841048108
0.00303605032418662,0.00490583857581393,0.00148996032956838,0.00128692863821281,0.0052760685860553,0.00349267428185713,0.00540365523837342,0.00503359615581686,0.00240718891617366,0.0033153381929458
0.00278507832436807,0.00278824929371612,0.00221710800959708,0.00123102378791348,0.000407382011903573,0.00423265730553813,0.00377924810494387,0.00309173352533368,0.00247091768943731,0.00245431399307487
0.00412426310615044,0.00384153663285639,0.00432858731981089,0.00267578558125468,0.00361437563722924,1.79178632245831e-05,0.00252488665568369,0.00144709508725816,0.00302102068919997,0.00416597553873524
0.00347135466267619,0.00175064351400789,0.000980187710550903,0.00422219269858591,0.00362611426871416,0.000510622049260886,0.00437458404198009,0.00485555357286011,0.0051111631837891,0.00123084016033014
0.00335440389435452,0.00369501985508852,0.00301724642515355,0.00175255801441055,0.000360510040583321,0.00372372628285252,0.000871965698331244,0.00476774129543554,0.000612419346625336,0.00141487665240406
0.00385219922036088,0.00481141494037839,0.00212930023179568,0.00467994854514299,0.00538659512670597,0.00271855751551709,0.00334473326914446,0.00183690714926284,0.00141916354789538,0.0051719697178567
0.00223648332592872,0.00340990246185934,0.00370397983193577,0.00462190647525671,0.00301526085638395,0.00337452500553141,0.00354972954374991,0.00176410363889876,0.000845250717606403,0.00488630452047874
0.000719355810283306,0.00520395069694143,0.00204561737304843,0.00126442282685558,0.000397106503891253,0.00380471835799994,0.00126746823956249,0.000230935523722619,0.0029442052392911,0.00153926692698325
0.00283413547080066,0.00228015855702807,0.00107839345169734,0.00374185428056496,0.00264529140397088,0.00254669882258171,0.000327623464167984,0.00430962038767539,0.00228915915878054,0.000508136379226874
0.00136790074051801,0.00428498676873239,0.000648213347841035,0.00063275553096248,0.00254272693223401,0.00189562907767103,0.00162426813414696,0.00412950797050392,0.00489372724065651,0.00116956844510679
0.000883412275018429,0.00288702788340023,0.000279607657047221,0.00131730580179444,0.00386373024871733,0.0040826504458825,0.00283114579719683,0.00229054884374513,0.00394527813547845,0.00136229617996142
0.00372485881703992,0.00411651530740342,0.00327357737340257,0.00411801304412895,0.00182497255874457,0.00108947754469406,0.00486634250482645,0.000190353582737382,0.00221191521382701,0.001647808942974
0.00269571478567244,0.00164855922298659,0.00170842551366811,0.00485486593197226,0.0011970976349985,0.00275526678367973,0.005343457823934,0.00322866496923197,0.00368234006927738,0.00196077569392097
0.00218320332051961,0.00328842484639931,0.00199305477198617,0.00161927967744269,0.0042845321948246,0.00423658115371898,0.00364374567935454,0.00489497060175937,0.00163017176491396,0.00458035094892161
0.00454655083311273,0.00353279793649624,0.00443149385511728,0.00108491395422997,0.00516621046608877,0.00492145268385448,0.00114810100625371,0.000196413207636003,0.00258357615159543,0.003208754121125
0.00512759433320336,0.00369286919393268,0.00437737576421965,0.00468721633878994,0.0042271300936195,0.00398286099102555,0.00321175772452017,8.29635531693961e-05,0.000629993285633908,0.000716813885167773
0.00417554530326139,0.000214139495090838,0.00517027625764845,0.00209556691328812,0.00656562043106183,0.00405637596927341,0.00506989688345732,0.00692141925820873,0.00553870978848916,0.000312475912668824
0.005459015015877,0.00446900194397442,0.0048912454203534,0.00458836167644008,0.0036472082931535,0.00367275930099866,0.00538156772354558,0.000906937138655505,0.000686964594457956,0.00493690850172783
0.00208483181371215,0.00406525370185033,0.00221878317854561,0.0037309932990513,0.00169345387657265,0.00527564078642776,0.00469764683565391,0.00268985359665537,0.00359647626874541,0.00301637548994673
0.00445911641958944,0.000980930350891633,0.00565864713715195,0.00279477522850291,0.00410974145676286,0.00187296392556895,0.00387334789931098,0.00498360138237098,0.00369238601310002,0.00154528440542006
0.00259179254292503,0.00187288910053533,0.00539343400980337,0.00222161364219093,0.002709941781902,0.00293386519533801,0.00319960012308809,0.00332562523543077,0.000861752546686671,0.00427689710555666
0.00526266439770071,0.00231583762112829,0.00491763147980279,0.00353405685109718,0.00130611919968409,0.00389670110520643,0.00333136954715784,0.00110412644058806,0.000896546454863513,0.00171886831710642
0.00473315936093494,0.00386104383612968,0.000781587258545979,0.00289877800434572,0.00225613010204973,0.000291176562294303,0.00368818208290351,0.000232635273422669,0.00427943294061688,0.00339292391493813
0.00114384509264586,0.00449855519756241,0.000995491427940173,0.00245316144885659,0.000697197185813301,0.00419667059780569,0.00500372088897129,0.00458578387955827,0.00246576060493355,0.00160792323811816
0.00185781359806804,0.00336195959343915,0.00260855967371682,0.00143583626803999,0.00220575318726211,0.00513579174763131,0.000919310434330947,0.00317900537215709,0.00197147643279146,0.00142058213301793
0.00115071541964112,0.00332403269022569,0.0056775520610683,0.000830165089071533,0.00471467910562175,0.00503685393719597,0.0052912026185337,0.00201183748509149,0.00432089467426794,0.000218348431912279
0.0021226057575196,0.00432604249629397,0.00112711885754198,0.00431698893825919,0.0048115615023993,0.000674485628230091,0.00251111060869927,0.00480230337577822,0.00548675283350747,0.00461681967443901
9.14993846636874e-05,0.00467213450764104,0.000152692239648949,0.000775312432478755,0.0012126323670696,0.00191684252957282,0.00243455010324222,0.00179678977424749,0.00192131703988763,0.0043073775196124
0.00259620474235261,0.000264887517995299,0.00287388389062774,0.00141403687752549,0.00512574997752222,0.00250572350914598,0.0014089664598734,0.00295396126139984,0.00269702797433428,0.00541985080442596
0.00468435120058635,0.000500725973006522,0.00322447894126136,0.000574362987536855,0.00165286967203671,0.00315042537550553,0.00298565321958051,0.00500231071637616,0.00516659141723665,0.00540556690858127
0.00170093514793243,0.00490848618662155,0.00233512873694875,0.00430568728127456,0.00250500850535633,0.00135674541111307,0.000942727043559693,0.00074357887416147,0.00141194947470612,0.0011152262104099
0.000702333204977801,0.00228696051845095,0.0051566399379592,0.00193963817175727,0.00503419714992907,0.000490199403861603,0.00434665681994877,0.00122493369254169,0.000814444553144321,0.00302982278918704
0.00120349146196268,0.000898864682354557,0.00741299240126257,0.000837764643757095,0.00174149817230754,0.00022516988454002,0.00387761686427428,7.52251413690907e-05,0.00647636501067507,0.00705026049633375
0.00342737600995953,0.00505134157108414,0.00278355045832046,0.00450283151688558,0.00126224839748689,0.00268965957577976,0.00294205079797472,0.00324628766095825,0.00171012107087299,0.00309851358990299
0.00284081809673404,0.00326744714929972,0.00270192618836293,0.0042566154034361,0.00131257194449911,0.000935221268376481,0.00277340740867423,0.00342750092909723,0.00377757472440512,0.000687136660830485
0.000661418920153556,0.000746416297503693,0.000769734428419768,0.0051795818134555,0.00260356878603674,0.00423608608322895,0.00159347597260959,0.00350390140689948,4.10908693652706e-05,0.00171609312998775
0.00351146902201222,0.0038761551165522,0.00571516565528883,0.00157911493121086,0.00095828902988779,0.00144172018992057,0.0016471740876216,0.00205736274900109,0.00092047654325201,0.000154847716344671
0.000789131187470166,0.00317662440089378,0.00189694333681796,0.00226857678148638,0.00150375591252017,0.00369478779579416,0.00415285848671947,0.00338000680270146,0.0040690100702823,0.00476795785473729
0.0014145061980067,0.00367453219134173,0.0040695558376297,0.0028894826104419,0.00165461175798934,0.000543301766913053,0.00392854924302245,0.00130792976243089,0.00469185397673233,0.00205706806506586
0.00124337641710221,0.00459446498164824,0.0034874343431646,0.00309009260079245,0.00248208281809994,0.000224458056403082,0.000918073466308755,0.00367125463945462,0.000316272461149359,0.000864960334684444
0.00476170888876111,0.00527550861201763,0.00563373073969515,0.00302284675956652,0.0030906164612939,0.00348545712619311,0.00303714619615574,4.55324773401075e-05,0.00284345112265475,0.000160807838277606
0.0037411242732169,0.000370743802240832,0.00270271015639449,0.00302882174153547,0.00116294065239305,0.00107275961027237,0.00257875031545044,0.00431791683074215,0.00193312325266324,0.00283981512408731
0.00301481297371235,0.00261576755954417,0.00360537442132086,0.00381059821515025,0.00274262698200225,0.00229589110771619,0.000630173162661271,0.000535213467112548,0.00353045733091614,0.00400792423876852
0.00103190170374404,0.00326566407441872,0.0005534379651906,0.00122469907549172,0.0036321270757773,0.00487667771256832,0.000286667159229619,0.00251771075714446,0.002689162473631,0.00302440325223397
0.00463603815293011,0.00358169358561639,0.00304812511235121,0.0022176073458772,0.00315609938474349,0.00418895726458929,0.00210628373317402,0.00219673749456371,0.00311630120094386,0.000157349537340484
0.00293464537775608,0.00478124348763556,0.00211853964883036,0.000872864734660822,0.00343365318103838,2.08849087359139e-05,0.003499287465167,0.00267816900580575,0.000151489863422905,0.0034965696411638
0.004460191662087,0.000241664597474636,0.00110807780887343,0.00448352467648548,0.0020655265092751,0.00391697941278884,0.00348698283522745,0.00129851634999991,0.00494482652687103,0.00476883740908073
0.00300152621880485,0.00459987891458211,0.00155658223310829,0.00233362539318109,0.00437064878918882,0.00363282895433755,0.00214992973854196,0.00508637344177748,0.00226393898933297,0.00391782329491729
0.00251757485667688,0.000813421129190413,0.00362592060095936,0.000563743736992639,0.00143692920399332,0.00340237733404587,0.00334637450992366,0.00419696920884671,0.00255237952300536,0.000280736071307099
0.0022152530473966,0.000883154010476858,0.00191366136307042,0.00414849695400426,0.00111101558412947,0.00273891136635642,0.00421987397519569,0.00598486258437963,0.00458312942327826,0.00222233157718471
0.00265355515230993,0.00493077952771547,0.00253223507294385,0.00152160949188088,0.000319211271299199,0.00410096913599106,0.00325377767210079,2.79946420069455e-05,0.00529778520976869,0.00522307168201985
0.00105585086216232,0.00454318482000197,0.0011847433668851,0.00513154623069171,0.00511794457761869,0.00134388134482967,0.00204637226012773,0.00361272541206066,0.00462010642297925,0.00453089201431049
0.000148209140401723,0.000275096293556876,0.00502523322571238,0.000370452210893583,0.00175353014148595,0.00269530802906454,0.00172346676105769,0.00380206847044776,0.00480998733702977,0.00156690763729781
0.00550005904038404,0.000731543816519144,0.0043833522207705,0.00419436068033619,0.00533989091460579,0.00266533769331381,0.00171413047811763,0.00378565388170576,0.00489809767866061,0.00486050720729119
0.000649405664792515,0.000267401491719184,0.00317085632408737,0.00371385877269314,0.0033466292085611,0.00300226917659058,0.00413099694404886,0.00403356481051901,0.0021816022259645,0.0029440532594385
0.00464706976196707,0.00436274328010661,0.00468603512207465,0.00396316729845883,0.000421657271493086,0.00288068828392109,0.00530072091554156,0.00503832621653472,0.00265920383305853,0.00410546103417771
0.00130674575627726,0.000378755509405745,0.0024538433094983,0.00520377782597477,0.00329878577239082,0.00512620096448396,0.00546141551871224,0.000350422882531085,0.00512845219465049,0.00470017484957491
0.00106838416887377,0.00327847767998697,0.00326016847061297,0.00270656212966559,0.00360493909875989,0.00462611976286258,0.00504671888721691,0.00289994051936605,0.00474073134636706,0.00283002579253183
0.00376456198077059,0.00516133357762661,0.00108167476526969,0.000587330963605009,0.00257164846029313,0.00119766163872561,3.05357836754195e-05,0.00233499008370429,0.00246741922673816,0.00207020153223681
0.000206835500866946,0.00278058112663494,0.00186956011087469,0.00203887471908266,0.00160720195695094,0.00106011985236203,0.00640812304260298,0.00400543615879571,0.000498367947512854,0.000382015265244201
0.00486348154153745,0.00480835755053377,0.00267206965526594,0.00500325909444794,0.00446651533861648,0.000506365295057948,0.000140303402892266,0.00156280195015052,0.00141581958594346,0.000107001275839542
0.0056247686583967,0.00222996774273117,0.000329894697745429,0.0014177671176932,0.00163052302632733,0.0033627103766501,0.00276996650634539,0.0011892428996707,0.000476176090306651,0.000644889715940614
0.00485819598593568,0.00112945884624366,0.00347446563904186,0.00312398656259149,0.000960410827025231,0.000346357084138373,0.00208593653861032,0.00495816993864389,0.00428002101918947,0.00235168618962782
0.000279841392557198,0.000676007836731138,0.00156684204043578,0.0048030233876886,0.000281135052228407,0.00411471995697186,0.00345707294242444,0.0024791394381871,0.000783116503544841,0.00177400208214008
0.000266768317086033,4.56504943881927e-05,6.38909949173452e-05,0.00425351978469259,0.00533311434189303,0.00494677241663904,0.00486109612634495,0.00058959677094612,0.000751636117330871,0.00227002774933549
0.0023573851074502,0.00419262799657832,0.00488733656357297,0.00121590411480415,0.00324230718616061,0.00381079981358002,0.00183277744470093,0.00500106794403029,0.00298963846058948,0.00256945821137996
0.00291823753931298,0.00159975001844137,0.00157051851548179,0.00215682363939371,0.000174816562873733,0.00246873887761209,0.00390752280298709,0.00194353819365324,0.0046950845440775,0.00700874054969701
0.00488026175031446,0.00455770830965633,0.000912237608899998,0.0029968676806573,0.00223861309071919,0.00483676665197612,0.000193179923490301,0.00465837920797677,0.00315887943024354,0.0036089753537011
0.00082637079563287,0.0031973718114867,0.00113605640470129,0.00160076788104945,0.00406676986103123,0.00234442909238294,0.0054501552441254,0.00228152838573321,0.00311867354115858,0.0023927937318868
0.00131846099009888,0.0026736485227903,0.00153705296814243,0.00204069985905483,0.0046650777156202,0.000606888649578347,0.00277844827230027,0.00303635082822937,0.00484511264526228,0.00407565570428425
1.8951609471416e-05,0.000805422857556779,0.00388303422517839,0.00416773594163371,0.00202053659494492,0.00460680677208647,0.00400371666651054,0.000908827567609774,0.00269538680188092,0.00262207748961628
0.000124659526347729,0.000880567331474413,0.000424529702252001,0.00455714741587172,0.00223961240547633,0.00263610329242385,0.00143387374282924,0.00474624308807244,0.00255497503376479,0.0022457837515379
0.00284674272042535,0.0045109544741851,0.00156917832346053,0.000452906835537689,0.00426057889759466,0.000359211197061092,0.00518878936649924,0.00206165856487954,0.000541288846591964,0.00403511583497457
0.00141572340989088,0.00383999106224906,0.00031054481455116,0.00312660822096527,0.00123376260786964,0.00488576921489554,7.56642172080103e-05,0.00271168783305648,0.00222246493534775,0.00144507188494411
0.00174379389822802,0.0047727357176106,0.00130892628347365,0.00516569504898294,0.000571551032538016,0.00170781736888726,0.00354189389801984,0.00173266272418973,0.00239385881670425,0.0036208683322203
0.00271790257547689,0.00180953336395826,0.00476774323127162,0.000418889182703035,0.00175177952741986,0.00454182045847084,0.000815816359960018,0.00518612917443386,0.00412805888361721,0.00378850424072296
0.000164781512635994,0.00450507187655754,0.00287104027981817,0.00184544196504406,0.00404803314224048,0.00364750080561064,4.51919769400652e-05,0.00304208980625499,0.0034401932033148,0.00417303200400171
0.00317809305612806,0.00326640059934301,0.000850301333818829,0.0047181211175397,0.00380511045288561,0.00269876893155386,0.00224651652078293,0.00172047102222629,0.000856644966099727,0.00387804867091981
0.00540432661813803,0.00228391555238399,0.00295934455195724,0.000261207113043033,0.00480098865624755,0.000829187716893555,0.000656908814921588,3.50561608113951e-05,0.00489552233913372,0.00437628029496496
0.00299880595210521,0.00201638120332332,0.00260374111035661,0.00420257924586111,0.000972882515284985,0.0028242280305057,0.00217139486638513,0.00517692888288628,0.00300805856856866,0.00350505892212233
0.00058722422880499,0.00159584836345807,0.00403684083933874,0.00460335148523777,0.00231611839768338,0.00390015705448631,0.00201926210008546,0.00296044168191721,0.0021364380881644,0.000273429459169234
0.00240763359138245,0.00353642360471649,0.00526409006394675,0.00213074904911464,0.00191400502644184,0.00152731041849884,0.00392901112622564,0.00160294474226411,0.00360293123588452,0.00365340406820208
0.0015841197888789,0.00134273367266802,0.00303922275855113,0.00112744031451756,0.000197385472105785,0.00387163425863497,0.00387400356159663,0.00272072583083471,0.000549857726627189,0.00447614680509278
0.00537250138552956,0.00471265986927537,0.00222343085758869,0.00237230590037312,0.00124889474702659,0.0033891972095555,0.00143796280071485,0.00018308300861732,0.00179790201360267,0.00146630884463668
0.00102022524704454,0.0020888140592199,0.0025516365495848,0.00283913316647239,0.000218910933344769,0.00103578883172732,0.000308944176134075,0.00429706025742132,0.00458438217533517,0.00124346889494111
0.00210832142466938,0.00150560216768912,0.00174711393308962,0.00174510822625612,0.00240090991960069,0.00125023662482465,5.65246360754254e-05,0.0025656952375277,0.0030919406274637,0.00341632407516696
0.0049106938752337,0.00307645014076051,0.000123116697464674,0.000859365240989848,0.00175383642940562,0.00497533599054797,0.00504899270484471,0.00176456316942587,0.00539448248571982,0.00398102881952507
0.00444407542373886,0.00266960927515347,0.00223146749216306,0.00349033850085992,0.000204003465058783,0.0033490792072934,0.00124396385521767,0.00363279626195058,0.00154247605239256,0.00096480006795098
0.00110124836937489,0.00174807152091228,0.0031020685608825,0.00472879062225361,0.00547026601981699,0.00156301140598181,0.00136153888422888,0.00387811871003684,0.00486444299728987,0.00263308168732753
0.00252487396450356,0.0021248218742439,0.001917534329579,0.00303317418815259,0.000138302711668301,0.00167696970485404,0.00282683330720709,0.0047282617675594,0.00130612040410018,0.00178101305744778
0.00450175206411203,0.00379866376950508,0.00397546341449896,0.0012316452122807,0.00446015382333296,0.00104053430667172,0.00186639893048039,0.00447524967013662,0.0029445531901332,0.0036750309121634
0.00422361163438895,0.0029257331479445,0.000712743493738486,0.00389742160921769,0.00319377856948098,0.00212340873503081,0.000402428368684958,0.00133425066609855,0.000700765409753178,0.00032992081819666
0.0021897473528711,0.000948821407036281,0.000871197225753306,0.00265305724818094,0.00292685559191706,0.00104866568788965,0.00396553744989146,0.000374185417714717,0.00475247485667025,0.00479814143183421
0.00116751623314791,0.00490040514757865,0.000563957326478818,0.000808794637633246,0.00108453175535301,0.00311045502753937,0.00361790998302498,0.00324196266965034,0.00356609509332849,9.61076778554168e-05
0.0006695966776396,0.00247287062190572,0.00136736741536698,0.000864170393430429,0.00119712905022098,0.000515742110341997,0.00134515223050162,0.00418025705573256,0.000361919522168499,0.00499739406979857
0.0014527764035761,0.00127255957633155,0.0044702759083929,0.00178431780407807,0.00260171161235463,0.00242707787907698,0.00216936078764259,0.00423695639235407,0.00306486102461895,0.00297792682911696
0.00219972904970421,0.00480254324594964,0.0043932855265018,0.00268309424551743,0.002633930399029,0.000641317474927001,0.00059152704768272,0.00151602748735735,0.0053085023591737,0.00321581392774912
0.00436753447617484,0.0015445590110629,0.00336334414992909,0.00139568915190602,0.0032845662207286,0.00532103325921787,0.0052610562954873,0.00239274818190449,0.00339117552899,0.00271553995204607
0.00479607283724992,0.00279428534712666,0.00373115195571065,0.00257871564422884,0.00392954412435072,0.00277893563150993,0.00215309997211739,0.00322515963965222,0.000191029090920666,0.00403470031783801
0.00292160454320736,0.00242601689143781,0.00248295783824862,0.00426259369364101,0.00357688210121582,0.00388285327605505,0.0037118975599724,0.00292158221559783,0.00143141010478138,0.00212879927240419
0.00310648574557781,0.00260365067463678,0.00296945016419922,0.00101497948939204,0.004216074985634,0.0042492506642783,0.00314964335527642,0.00186473055597945,0.00296086106098339,0.00476898126801554
0.00405854556253575,0.00244674611503932,0.000846979842221218,0.00180195250977528,0.00275018139461485,0.00496822600535201,0.00406737482936267,0.00133938066993948,0.00256990115146583,0.00411394744879199
0.00566508223608052,0.00632162801725389,0.000839204338764781,0.00206877189153296,0.00193696215779289,0.000889056525020828,0.00174452824908735,0.00540433298377879,0.000371181100450375,0.00146996135213269
0.0028188669123778,0.00445181510555341,0.00258740695615617,0.000687845928841873,0.0026403290613161,0.000473353271629833,0.00364997880268214,0.00361722392017895,0.0047813185372634,0.00170978969548241
0.0014954042130669,4.81862792444808e-05,0.00262023730552279,0.0030803552318293,0.000367654151939864,0.00202288118078822,0.00114866890287399,0.000489718974450693,0.00423366686067838,0.00130521646735362
0.00365523565362511,0.00128305059698886,0.000495142374484754,0.00215755442992109,0.00151560373249045,0.00410806762335688,0.000856563707637196,0.00225325162538954,0.0041237408644328,0.00512078722271981
0.00370936982894061,0.00515334799799181,0.00409523697252022,0.000614697562868469,0.00510379585734035,0.00409652341478347,0.00206992201920098,0.00333957921221663,0.00227725845002391,0.0041517111935023
0.00485406113692778,0.00231397895419704,0.00566762314066293,0.00283392359542174,0.00328666030656652,0.0030829103670058,0.0017932857580322,0.000966318562174532,0.00141099016261416,0.000286068053577274
0.00257624736426707,0.00288342080350256,0.00111192423407881,0.00248685865423255,0.00424676299738672,0.000894185553666824,0.00450783505699608,0.00255733238831717,0.00410339881196849,0.00192437989960868
0.00269500672737654,0.00211687911170187,0.00240597520196418,0.00285102214605649,0.00441820922235097,0.00342677563761296,0.00462206300624242,0.000327002057918835,0.00392850335896726,0.00102333524893193
0.00256722108481576,0.0038366610519554,0.00518150077473069,0.00270469512032382,0.00379656939242751,0.00178848553911415,0.00216448636662023,0.00185931631909105,0.00426291715913126,0.000167533155711872
0.00349829636278196,0.00414255123546448,0.000957907826267097,0.00409515464754747,0.00149445191732204,0.000377745724512083,0.00460310223679906,0.00355696474818166,0.00254824870908042,0.00295832870593773
0.00366173743634758,0.00166305371212702,0.00387338543906698,0.000990942124825105,0.00515446247150202,0.00174669766306886,0.00237999080991102,0.000514621702246029,0.00317527460829989,0.0029928792549787
0.00469105075278315,0.00200570937599707,0.00310519026401757,0.0013402367223134,0.00414156593405549,0.00441331312946415,0.00508485330480552,0.00342953319588882,0.00422930151681895,0.000873085021763845
0.00210032271219145,0.000463530257093106,0.00451388827632365,0.00147468245452154,0.00510732693643926,0.0005959726858251,0.000553829818492881,1.60427354403065e-05,0.00266656502433914,0.00140838134976435
0.00327225014620127,0.00497390800503741,0.00290929565718609,0.00157998687561269,0.00453041304490663,0.00125248967008553,0.00262511679451993,0.00196834492699915,0.000450194764748428,0.00248114608544108
0.00182046244548012,0.000678354158203924,0.00216854252899584,0.00495142977444631,0.00340131189444732,0.00244485822649026,0.00020666174869244,0.00288919284068379,0.000108171923987543,0.00201814224850781
0.00189241700445967,0.00190346001168388,0.00271120781902204,0.000868695079222455,0.00280621112357356,0.0044895329885413,0.00376153601778803,0.00264228989586635,0.00287708335756418,0.00520858591470283
0.00101949667777319,0.00251023057364706,0.00503945298022772,0.00416272495944807,0.00095085313061313,0.00290335727509481,0.00174128472107219,0.00508343108489034,0.00207986622231488,0.00245681520823421
0.00419369501031697,0.00496331049597682,0.0039441516793068,0.00300424172563981,0.00299213211152518,0.00171310327115899,0.00243929525204828,0.00399778994054666,0.00385803549838126,0.00338062576270041
0.00352402111209494,0.00318427713944117,0.00148160809108402,0.000971827530556954,0.0039114091835991,0.00342923866792886,0.00229419460479562,0.00414739982322204,0.00516216588034418,3.50786081265833e-05
0.000686135937039429,0.00359370778607035,0.00439977789025576,0.000570893935186317,0.000496369178030575,0.00251561756909117,0.00427454213500441,0.00220987834697506,0.00376259694091782,0.00480559579802787
0.00126386268480014,0.00299187441113644,0.00367892321048137,0.00407340708955412,0.00454438768950128,0.00323304161294943,0.00198960892436626,0.00456279754182886,0.00202385449034459,0.00452054531884075
0.00111426345544906,0.00146525283452195,0.00531516078645068,0.00142104272332739,0.00327373012782747,0.00528061201614392,0.00135407471196592,0.00343116164692069,0.00491909625400676,0.000655309921377114
0.00540304833686072,0.00177013211910755,0.00391295835071486,0.000128976049774316,0.00276190611476781,0.00025145998862161,0.00128704602390406,0.0051269924137883,0.00342804037297418,0.00482571580038559
0.00428835053667867,0.00221415708300135,0.00113983543105861,0.00276661236911978,0.00240930495812829,0.00392018944396558,0.00302345058221075,0.000533580910344305,0.00432164642737341,0.00259250762487259
0.00462397167596403,0.000303943957516333,0.00276979961929909,0.00358930830628849,0.0008444087176741,0.00282397291679267,0.00515818352493154,0.00096882198809582,0.00352582020542022,0.00419175379735249
0.00360323194710996,0.00458317139029033,0.0044779749604889,0.00340822345438022,0.00118026298258367,0.000864081687463127,0.00164975424135195,0.00274217436562003,0.00401211235320462,0.000974334635422496
0.00202598814257999,0.00438778055815108,0.000357668517008657,0.000884665547076989,0.0045413480273616,0.00414400519741491,0.00467906290832008,0.00522464418374255,0.00452490708857776,0.00292011127522759
0.00449921923492797,0.00149902402491698,0.00302382325678739,0.00419591740066623,0.000587313592280865,0.00523619344032198,0.00427962871095189,0.00083068841176181,0.00262174753602446,0.000497022887730972
0.00523977597136601,0.00261372002773356,0.00151921317988663,0.00524929681698386,0.00380002755729479,0.0022616273368444,0.00529056293012404,0.00178285632982474,0.00291273325553212,0.00498232560829984
0.00228062896244655,0.00299539374255258,0.00417103786512819,0.00523680962335493,0.000448087090754753,0.00500199796205909,0.00323151537929989,0.000831543955928691,0.00488784248488684,0.00101020986229288
0.002648033706092,0.00378372273229429,0.00110308107355898,4.32837943034002e-05,0.000450439284890245,0.00416191250951397,0.00498381553675269,0.00220006732498898,0.000219217645919438,0.00238604616884474
0.00450554593205512,0.00373829935775467,0.00353758472420441,0.00451881659941072,0.00171316458388048,7.65186994622958e-05,0.00360646160191893,0.00180314460679589,0.00305139866936884,0.00434674589957252
0.00388923209495653,0.00011440795337392,0.00411754575949346,0.00510034395949325,0.00532289622173305,0.00448483947582213,0.00479847955257102,0.00322951990642485,0.00249392230399267,0.0016230370267579
0.00252422348043314,0.00346633185524387,0.00397870194580976,0.00172199818827425,0.00357651699662136,0.00169489828080308,0.00407340671780235,0.00461310562657848,0.000782984912698788,0.00406584503560188
0.00247974862856292,0.00122066886414615,0.0023063803565093,0.00451407844887276,0.00251443888816047,0.00343968652606411,0.000576537884565746,0.00322063318478418,0.00431626896166185,0.00515549788211063
0.00145852801141276,0.00278012624153326,0.00452895463751252,0.00279503708401205,0.00127001358865611,0.00512097306221352,0.0038263089052512,0.000604103270974066,0.00224046579158016,0.0010753020607912
0.00442769180555256,0.00413400472934508,0.00157695268245205,0.00487472464483184,0.00307480594978114,0.00196262500433533,0.000725290003669952,0.00310585515115304,0.00053911002440438,0.00361505525047707
0.00225987050424644,0.00253051249257823,0.00504384638747865,0.00129975177161844,0.00511465255936766,0.00303098607790594,0.00496535051344849,0.00491938162202461,0.00146696400958803,0.000537075158423803
0.00104563095695638,0.00455785679242791,0.00292380795787014,0.00189380302512395,0.001666210368935,0.00155499769118567,0.003961122698216,0.00232990547627697,0.00550407506092891,0.00519203581221283
0.000458096873769795,0.00201095692201768,0.00197550297375011,0.00368812286553347,0.00482343337042135,0.000290398184394509,0.00399346882931645,0.00329321455367296,0.000696103097305174,0.00526833967375057
0.00521304044306584,0.00156056143449919,0.000488967582204616,0.00368607378377531,0.00222977105446577,0.00255754088438785,0.00521264202480036,0.00269437550407661,0.00558453395421162,0.00464844834227828
0.00277094451100743,0.00235854562512543,0.00497842848997808,0.00499138174620675,0.00186707124246042,0.00362419220771301,0.00184869343554707,0.00299523466293945,0.00519091234977248,0.00161991345209609
0.00311297773045143,0.000340572772628558,8.86647654232692e-05,0.00489048110091329,0.00205183855695634,2.57073836678057e-05,0.00160566540512834,0.00230961384021735,0.00283284970365309,0.000377715383664274
0.00122238503893851,0.000551399973377979,0.00194724771683578,0.00448652567032679,0.00241416925022171,0.000956308772386381,0.00102497981165695,0.0015532768276343,0.00492208764381843,0.00170564678806914
0.00163372784861138,0.00131801764393663,0.00312066826394963,0.00219972483684235,0.00466746184179645,0.00282723214095744,0.000504114430393864,0.000615566263950378,0.00375350275077364,0.00238921310302702
0.00300475175739032,0.00239800516630421,0.00264154162537494,0.00418971094048088,0.000169795536971715,0.00520636854901093,0.00480079311233597,0.00184935847264892,0.00342936281258015,0.00168905443462751
0.00496979382646374,0.00500528828652748,0.002312163110813,0.00394501921319308,0.00477193376117237,0.000922754206567624,0.00251671487214798,0.00176347062911384,0.00149600789140899,0.00245712868575424
0.00384493527635316,0.00303399085879832,0.00497989257359182,0.00185820241382663,0.00181976838628097,0.00444183787626471,0.000988702724172364,0.00455567137936575,0.00552576432929861,0.00394053292465538
0.00042929552052972,0.00501942851292339,0.00136621489807975,0.00117602224069895,0.00243808690117307,0.00258737760462701,0.000393279262374316,0.00358310586280323,0.00046257905799769,0.00377228994055166
0.00110552759193401,0.00331375377897919,0.00416463440786038,0.00455740861952075,0.00168364776705876,0.00236939195027533,0.00174006841279175,0.00295601898465638,0.00491042703454541,0.0054202202158603
1.90277272515637e-05,0.00459832592858111,0.00112794179201008,0.00505596325266038,0.00339577089985797,0.00234609980594804,0.00353565811519778,0.00149211352680728,0.00264768444238723,0.00237350442966608
0.00246458208353395,0.00195047832658971,0.000756842740241078,0.00027089823009091,0.00518528491870538,0.00349549257493214,0.00265356127660878,0.00508004025873408,0.00123700096276809,4.97591649211513e-05
0.00307580332599093,0.000417204355921323,0.00387177352949477,0.00267873561268424,0.00526611180294419,0.00196135330467237,0.00403578725474504,0.0020485346671589,0.00109913616099393,0.00219673460966811
5.19094923857844e-05,0.000162149043979715,0.00241262194525696,0.00445702246863968,0.00239729017250963,0.00521994477926668,3.50763509047612e-05,0.00371728114475518,4.2927897013096e-05,0.00079141184324376
0.00181200984552998,0.00470359061570291,0.0031529770929372,0.00159790612318611,0.00174626429799402,0.00524937349815806,0.00435450928125035,0.00118772015032679,0.000419700073460232,0.00361858989823368
0.00114339544505374,0.00435947484554218,0.00101620004110011,0.00454661527774611,0.00454067048066191,0.00229665223973721,0.00487126428574953,0.00295254349379719,0.0013526751968062,0.000985004308423634
0.00549076355764174,0.00449780471534681,0.00194414286491573,0.00494368750854622,0.00183314119634871,0.00467531041394967,0.00432584347094121,0.00272529315406295,0.00558834362456816,0.00408017194723748
0.00348623175750426,0.0022246939223465,0.00519920119628937,0.0038175207818911,0.00266290561985295,0.00431303707366265,0.00330942641782874,0.00312535332971118,0.00430569985822624,0.00480894067935889
0.00321419386097318,0.00383999232574963,0.00411396610103637,0.00192131378828243,0.00099051509155012,0.00425916612453383,0.00127676178604986,0.00085691988520402,0.00474027997341357,0.00458581264836575
0.00297741652316341,0.00328037286179021,0.00563778991159873,0.00400862163547723,0.00038172111374644,0.00312901085585544,0.00228214024435131,0.00416216498161182,0.00486973390967864,0.00429074512653742
0.00178928596064645,0.00220174520373401,0.00427201781246948,0.00165091757907971,0.000703671383096682,0.00529875682117101,0.0035231919915416,0.00270819627763909,0.00330977290557247,0.00505228061211484
0.00167951349137198,0.000460628657500791,2.53304107858464e-05,0.00153211838945087,0.00485402360912638,0.00214764006250968,0.00296842551501926,0.00480690767527236,0.00315912340952849,0.00152322048743842
0.00275930247286032,0.00226760554731361,0.000116938747859754,0.00454020882144458,0.0018788564588471,0.00332639498141665,0.00409882219550515,0.00175604626845967,4.93681821760897e-05,0.00132936688793629
0.000488057231579854,0.00318364252221426,0.00355390934275285,0.00405042167057317,0.00348507373761722,0.00281212220908836,0.00287069181621042,0.00395608829423511,0.00489532532533296,0.00340401652418244
0.00216387772449314,0.00249093222675125,0.00292562628500867,0.00130343757533883,0.000134839795538066,0.00403712086523116,0.000278957917338735,0.00474055476653017,0.000216879179049449,0.00226310320631023
0.00158365695136268,0.00131563199907017,0.00390925165089351,0.001834574134395,0.00392079493549078,0.00258318646031569,0.00259599535109895,0.00129140226589757,0.00307611702818582,0.000370625804575339
0.00540632345228854,0.000549490245643402,0.00303908005801718,0.00164167253643921,0.00182340943114404,0.0013518905512969,0.00341975190019205,0.00124352732916772,0.00466069487510034,0.00329522068498293
0.00195625107453478,0.00126200969629079,0.00365596047323713,0.00135808448799904,0.00525500314478237,0.000555548322269668,0.00484400183219436,0.00116171106015193,0.0031114154507793,0.00432176828533939
0.00443092836808003,0.00145301245260081,0.00176415021109904,0.00372921513073487,0.00055981150232451,0.00420091899827678,6.79483554739326e-05,0.00475034983391547,0.00162538943386327,0.000443398769392352
0.00324090823615008,0.00427804365372802,0.00132213985118955,9.36013876623991e-06,0.0048615322656876,0.002275735581274,0.00487884231538101,0.00171078905837213,0.00185805544565071,0.000668282409594631
0.00175957010688461,0.00436077207088488,0.00457538847888593,0.00390667471260177,0.00514820418048007,0.000219388898220616,0.00471375344811191,0.00417717463126274,0.0047951093056133,0.00264839480613629
0.00338663028142652,0.0044833785789768,0.00552092996120176,0.00524644728451947,0.00285056281992247,0.000142742977789761,0.00016081056183587,0.000781145513978118,0.00198205689341545,0.00304822887516803
0.0037375316725849,0.00287063856552799,0.000232555747488083,0.00313749564839425,0.00113505727988799,0.00162295352073171,0.00404922050239256,0.00192891940062162,0.00376026148338121,0.00450629108739003
0.00544308811417729,0.00277065932486113,0.00524301057929367,0.00343553098480949,0.00378017051637767,0.000381448476439634,0.00531898002483512,0.00268820185560074,0.0046717493057717,0.00253330679183586
0.00149049912118249,0.00191426434885051,0.000945897934681531,0.00365427444094956,0.0042852933625189,0.00215007941546534,0.00342537453770562,0.00267272566654238,0.00153556704891853,0.00342680685356826
0.00188120235987428,0.00215482786818297,0.00272284029205312,0.000853275759376547,0.000212421628135657,0.00246946131242846,0.00291756046625849,0.00238859058311376,0.00101690747092172,0.00529933361771682
