0.000611425685507263,0.00249555698866911,0.427847316470947,0.763656429622364,0.0520314850549765,0.347212173998931,0.0141029755157531,0.00116271211568883,0.00226054251326143,0.00233074272680082
0.822005978431967,0.00124062722312424,0.00019294314496375,0.000459569537759514,0.000683637767272202,0.000432231757302357,0.0010859283250059,0.00237099686244062,0.00148296592295033,0.00187158565227469
0.000183929140280306,0.000978609120109629,9.39837945092712e-05,0.000222420585603904,0.00030950253786737,0.000271797138668143,0.000840577726164056,0.000500870845098965,0.000906720799424818,0.000835661530584768
0.00136957177369827,0.00343402462550966,0.514567981634448,0.000482034172849964,0.00120692022914845,0.000936730164395388,0.000874289635199842,0.0563636196779849,0.00134909834676652,0.409118655134536
0.000315403258287431,0.00280095268782506,0.000236696234727221,0.000394977705444172,0.000396783629904934,0.439611433679431,0.00123679124173455,0.00279114389426966,0.0021158327832533,0.000888254926303224
0.0201574037520961,0.00107426411385379,0.000248900366324994,0.00035023967821313,0.00301105433261249,0.000438517717225097,0.00107154693925751,0.00141472447121559,0.155970527929954,0.000891494589998387
3.90472288569943e-05,0.0013222379658637,0.00462734389378307,0.000464902505784621,0.000947703999480374,0.0152210992978324,0.0156014048704667,0.00160958014091446,0.00173330343365434,0.00119971382041951
0.000231892139832191,0.000879729309382454,0.00013248882876898,7.39957119257152e-05,0.000461836643358405,0.000339820922901782,0.000674286682221195,0.379660604767177,0.00104390082278745,0.000876444887199653
0.00869125561246402,0.0603089516969263,0.000241682852277902,0.0200936166914805,0.00986542950762215,0.00231940074001196,0.00254311030561485,0.0810605722811989,0.00108586470524917,0.00228200021031511
0.018825723151097,0.00177488935097179,0.000273444923109293,0.00915999251742904,0.000477531755468945,0.0249215635376148,0.00843883868326834,0.00156663618373082,0.0467604019169582,0.00244419620489777
0.000250118483201493,0.000999874102483644,8.76811730600342e-05,0.000448742121907923,0.000280784837682911,0.000246332176557497,0.00519706334361752,0.000892445707070978,0.00151977489127048,0.00071671788816614
0.00235096277451961,0.00131869791654743,0.000118651656234615,0.000255933933702965,0.000482625536928108,0.00960395182754278,0.000806415877652573,0.00619537655275952,0.000874651747214095,0.000993370378991531
0.000176792132638747,0.000988868455643547,0.000108772263486331,0.0003819853153646,0.000485268710798609,0.000924015639983748,0.00097938007744406,0.00710210086974017,0.00239784921175931,0.00175619397355662
0.000217485103559497,0.00178487564698265,0.000125169203972713,0.000265016268360926,0.000518569046461526,0.000331166969543579,0.175083986381393,0.0184253617219297,0.0010108219536452,0.000854466931284415
0.00108688607202214,1.48675042354876e-05,0.000283763491891795,0.000272072458921769,0.00465341615696859,0.000262205208716383,0.00842216449104332,0.00350121331764067,0.00084942769092957,0.00102912859543029
0.00026581455705049,0.0010643238601734,0.000116664866058882,0.000355133518383311,0.728794078368542,0.000348573664453405,0.00114559953925075,0.00147887582238145,0.00113564371787431,0.00193139906207331
0.000349127450204484,0.000968169798475413,0.000121256375433356,0.0734828355955933,0.000518129845434334,0.000442678920292107,0.00114944916730642,0.000733150264043939,0.00352833129320874,0.00863374072007056
0.0047659278524503,0.00281033472838107,0.000189943253802991,0.000371338043199109,0.00028920236667878,0.00186485452368596,0.001016444421915,0.00134407014591115,0.0018422332058969,0.00224124868529942
0.000893934060951934,0.000963971170913267,0.0157143815710724,0.000412671229658699,0.000487206961178319,0.000604887264268973,0.000968372056354888,0.00362960935108835,0.0695257835682439,0.00108320696039332
0.00036485471311889,0.000981602863609164,0.000125142944015908,0.000404811769663559,0.000516807971579824,0.000903070633047858,0.00077222240704927,0.00839897551686206,0.0573189974971528,0.0012050585618831
0.000196390818255419,0.000933451587994797,0.000101215794818978,0.000332615458490805,0.000340291448925096,0.000285812602496123,0.000825666641033458,0.000472173953744511,0.000902342945890929,0.0816761496601727
0.00390870286604607,0.00128498017512325,0.000163273929050011,0.000460369171583285,0.00121589532865325,0.00890608677036167,0.00481692244477873,0.000561845695921316,0.00131145954649751,0.000798917079190417
0.00803042014016273,0.00133907809747091,0.000111870519305596,0.000242004017243847,0.000356701027990702,0.000364365191148152,0.00115222379992701,0.00103179237900664,0.000771706176727901,0.00104636655664881
0.00041371720250437,0.0012688512515341,0.000182867291115689,0.000313723917201826,0.000817277133648618,0.0250476517283533,0.00093187333098045,0.00117237515402956,0.000977399158440437,0.0011044682141834
0.000225402022241012,0.00146684645975142,0.000131127822469038,0.000296423831518436,0.000362470922800787,0.000242786534286723,0.0121947461980302,0.000691268839672,0.00271360093005464,0.00107810601361859
1.99440038819408e-05,0.00143989405631501,0.000184576964586046,0.0192166964634518,0.00631827431812364,0.000350698715195979,0.00107039654532308,0.00545499535676816,0.0146481296512594,0.003151562254745
0.000216416409634994,0.0432569771506454,0.000118917803508325,0.000428526328254753,0.000287018326942608,0.00225357583255287,0.0025862511830131,0.000548193893774109,0.00181624211041499,0.0015644034543992
0.00019791171027555,0.000898567219972705,9.43530579233855e-05,0.00035036293885191,0.000316569881669068,0.000238714511312857,0.000760135293669119,0.000494257485769281,0.000915697985277271,0.00107562943689256
0.000215633467567636,0.001015150568676,8.98249553385443e-05,0.000333155236805443,0.000274902004712068,0.000255253769162476,0.000843180006791201,0.000513954671928376,0.000714713620303455,0.00083487796560039
0.000658401114288866,0.0010167708585253,0.00011200860124651,0.000367235977144754,0.000711021240152273,0.000829675244348159,0.000745193755046114,0.00113057610757418,0.000915599914882438,0.000710745226710463
0.000241523792253097,0.0010062983374257,0.000160258206693932,0.000362607555360952,0.000284848999989522,0.00172074936096177,0.00103039894246393,0.00056373319262686,0.154472724839189,0.000995425367563699
0.000200410620916102,0.003390195757359,8.7117122645446e-05,0.000318248015181179,0.000413359827838859,0.000282117317296777,0.00670886558924281,0.000481014980547573,0.000887438498977162,0.00108537565446973
0.000204346280364733,0.0492305670851086,0.000197480832494412,0.000281170344158821,0.000329747294249087,0.000280867630152009,0.0192083084225957,0.000884233582350496,0.000836123781320465,0.000862630197184511
0.000229651475569884,0.15936105193658,0.000110147818425172,0.000328229380922435,0.0003702192404051,0.000220909677233357,0.000995961238253849,0.000684218326148949,0.00102207272241129,0.00099768496440346
0.000819550197399524,0.00417704362444168,0.000287238626412391,0.000354481801929519,0.00127502339824344,0.000279785390086518,0.00110558905807702,0.00278517966072225,0.00733746204336734,0.000954427426576962
0.000186893250846336,0.000953924450829273,8.82358352106111e-05,0.000302571954239354,0.000310786998460872,0.00025826877719609,0.000762637671442062,0.000508259302748366,0.000900340179388885,0.001070739622844
0.000217133921851063,0.000919173151106533,9.8386173088981e-05,0.00027729362313664,0.00471793084260909,0.000248234496408001,0.000761827670325518,0.00340400139153736,0.000817396821103688,0.000693926276418688
0.000209732154730252,0.000965684176635446,9.1438125515148e-05,0.000259014108515194,0.000397439853768168,0.000257225211152737,0.000848382815498527,0.000478800867088921,0.000872186552827265,0.00101093362454636
0.000576266623095617,0.00162851306945773,8.86304916610388e-05,0.000304045316772006,0.000280279738645789,0.000254025646931119,0.0147771821413352,0.00048004990239602,0.00216949648799848,0.00112678319410213
0.00079795374055978,0.00686956383646713,0.000110590364294312,0.000451251219997037,0.000565684548894304,0.000351626725903191,0.00853950819106524,0.00528437888739237,0.0508227180556318,0.000910400269620555
0.000210276094893633,0.00124198511641683,0.000119185396036005,0.000398120477727505,0.000503165972764697,0.000217240391298487,0.000909155807551587,0.0225157554170658,0.00202584952772537,0.00356171518131608
0.000211135210444701,0.00100947972484322,9.4435934845128e-05,0.000349125929390372,0.0003489529241177,0.000266244292743809,0.000753222864044951,0.000466614611104105,0.000824169851302634,0.00118402594769119
0.000140420353317421,0.00102528175321114,0.000109706038054958,0.000381565741936137,0.00528915782273865,0.000233418450140583,0.044960439819629,0.00101285004294652,0.000747049660845925,0.000788198455001326
0.000214350325303407,0.000943675133809632,0.000103860526150837,0.000361374804750891,0.000862028059314444,0.000435355196325991,0.00530768782779834,0.000514966464074418,0.000750612115243649,0.000851055986635921
0.000183335971285521,0.000976697463616738,0.000125539053648831,0.000984955712358386,0.000303477074887718,0.00022645075988674,0.0105483234233153,0.000489149603631958,0.00159371620674074,0.000899545240276617
0.00120503479817802,0.0618354169214586,0.000260224883355312,0.000598443156783433,0.000616469537100608,0.000263989660271311,0.000925081624123222,0.00106968583782405,0.00363410156928381,0.00109506029937
0.000302081017402557,0.00120786373140081,0.000242973952541116,0.000400536207999403,0.0149863274675002,0.000407328401338082,0.0690300016323344,0.00308356768506627,0.00122135308592361,0.00194483902736228
0.000218928299956748,0.000947848981890901,8.87013668512844e-05,0.000317169034439783,0.000424490792010867,0.000266676011823423,0.000731806442759819,0.000482299007536518,0.000836375513904094,0.00106487725918577
0.000196441881498389,0.000927372778141904,8.79785014403717e-05,0.000355604567003749,0.000288018026166452,0.000270228438985046,0.00077816999120334,0.000510882216676614,0.000897818855928705,0.000689509739827595
0.000242981559846384,0.000944687439368634,0.000114627606629142,0.000390638032337102,0.000490037971916013,0.000307924526049918,0.00078585769366845,0.00575076985620092,0.00758406782187482,0.00103731756521297
0.000215159296223819,0.000954403646031044,8.75730666118857e-05,0.000225147154433618,0.000327358988101562,0.000272001249611755,0.000848564635041945,0.00051881756497551,0.000775007667923037,0.000825289012435541
0.000200104449772816,0.000941089098229544,9.26165037745364e-05,0.000333639206177884,0.000385666750358898,0.000254094949469526,0.000739725071793035,0.000523307525328779,0.000770478457212741,0.000763026866097124
0.000192521883597039,0.00704309110856084,0.000970247983124313,0.000243208088650436,0.000344965615268893,0.000558379566010784,0.000793597686419206,0.000480212230940098,0.000840850293021775,0.000733587942940158
0.000195507452597856,0.0119229874592319,8.99143594146197e-05,0.000431995696817264,0.000297542063637724,0.000253823261404963,0.00269820811235665,0.000470863757657914,0.000842599526738107,0.000902137489471101
0.00493494792858819,0.00120075103220549,0.000240785296767352,0.0013675959670972,0.000282840575308328,0.000328924139016229,0.00980888156655339,0.0101675678730413,0.00166956063928462,0.00139492852508905
0.0002134403315448,0.00096107832200955,0.000113783576682784,0.000816705397331023,0.000312479283778305,0.000250317642872632,0.00084729925567641,0.000573331868365314,0.000823950145273947,0.00553706109964707
0.000211785782914168,0.0009263533900377,8.85541213776225e-05,0.00033524379687485,0.00034336372586909,0.000271022760660963,0.000734157994442529,0.000504775254811299,0.000765154035613538,0.000778960531158046
0.000310524596281205,0.000961168276361664,0.000162763229030513,0.000401680454543384,0.000717826530632001,0.000299959981594066,0.0959506315749396,0.000426421556204526,0.00146557600176747,0.0641563909705173
0.000497310343777225,0.00377576183710615,0.000177181416577529,0.000483617964523488,0.0014531431670553,0.000639263719698471,0.0420951093960768,0.00594239415140764,0.0140808894024495,0.00130600361933373
0.000417416789183504,0.000999168742839154,0.000140417927982597,0.00107161571413647,0.000324726844134226,0.000258265483788316,0.000847977065634232,0.000480245156490474,0.00297959219831377,0.000885384044352432
0.00019544075043295,0.000958938563932358,9.20312790415794e-05,0.000342390254209751,0.000346457170463871,0.000248372317337713,0.000736944421591394,0.00052258040425998,0.000948084985113922,0.00103439176307854
0.000185640924436909,0.000985141787899347,8.85814681819781e-05,0.000260746614267642,0.000435133244318782,0.000245409783990375,0.000776430255875019,0.000464465536816592,0.000864875540492165,0.001160121239493
0.000934730344786428,0.00133656985904918,9.77666912018707e-05,0.000774468382801676,0.00040263854920763,0.000364539912407014,0.00085990261655059,0.00462243150262505,0.00183257868352946,0.00126013687454856
0.000200966091757956,0.000980633844169611,9.46114899694542e-05,0.000240031867916861,0.000310913690344324,0.000261704120670704,0.000748828503999989,0.000484854193284787,0.000953761775208537,0.000798726874983667
0.000184171074465671,0.000912410074728503,9.63138200072098e-05,0.000246233667791894,0.000423232422514665,0.00023785650225896,0.000787496392840482,0.000509314293589711,0.000885497353118805,0.00118064775470635
0.000217037767413403,0.00092714610278395,9.35223122458526e-05,0.000264157722162114,0.000381993376114572,0.000244589171699409,0.000787558921062922,0.000515112921479651,0.000922945005662527,0.000822021939808977
0.000342332259264102,0.00304079460209688,0.000350160316024573,0.000521151133872873,0.000391531035051422,0.000262147804006257,0.000836955491574527,0.000795455666261974,0.0013139159155157,0.00102139646497112
0.000185046831159058,0.000923883237851851,9.35064224811448e-05,0.000282897675188545,0.000373557158100263,0.000268773313389668,0.000754223695819842,0.000514185614374976,0.000755719813195398,0.000723219357414239
0.000205170389919923,0.000967585286296607,9.4194429079324e-05,0.000298072220370311,0.000320580364288733,0.00025989557680606,0.000852292160594202,0.000513869981137829,0.000816682157876171,0.00105865252896076
0.000189096639264432,0.0631794209957718,0.000123886919383623,0.00023288265819814,0.000469431961746187,0.000242964338155188,0.000777769707812007,0.00548507572856804,0.000735548905347791,0.00106055965877081
0.000215753662072996,0.00140506166356353,0.000109193341555429,0.000277097374951145,0.00394970333604934,0.000243909955672205,0.00110356584903514,0.0099097679990326,0.00173192901735298,0.00121330607756622
0.000714800298189958,0.00128795019944514,0.000158386708664848,0.000296065134661186,0.000676406158199668,0.00229205192213371,0.00112058964284087,0.00931237547133273,0.000829894558688308,0.000740817896017518
0.000778079614480381,0.00115353469153457,0.000317705542591649,0.00095487309604208,0.000367904413157582,0.000274313003840724,0.000926300186283111,0.000491647434094032,0.0147974411157263,0.00120092437276412
0.000203316395307799,0.00102517077431375,9.27083736500264e-05,0.000365247449309747,0.000362215481517008,0.00205695595786808,0.00117669572278371,0.000529129046326035,0.000900575406120908,0.000811075338347333
0.000217499467985255,0.00094618272296929,9.2740237880825e-05,0.000360792217015455,0.000463783489265052,0.000251911178152656,0.000738222265319426,0.00052026064631884,0.000703714337214196,0.00108869227270242
0.000204314850283916,0.000989095755021882,0.000131479211074104,0.000595675756337594,0.00158089512544148,0.000360280112644946,0.00161430647814683,0.000483421686863064,0.00104965900891335,0.000857422678917524
0.000188480720094591,0.00094325218663359,8.87800906445615e-05,0.000217971242762984,0.000360144546055131,0.000252253540822469,0.000792676097589054,0.00051888487021145,0.0006826437375442,0.00105840325214244
0.000708479354656492,0.000553038808569264,8.68797718577776e-05,0.000503274967065032,0.000325687606122691,0.00023422019751538,0.00120644260521488,0.000459533783597971,0.00222512487751652,0.0500092661137236
0.000198003004155178,0.000917879852220795,9.56831453943674e-05,0.000360354177155282,0.00038860162173609,0.000244651169459228,0.000746745540131,0.00051877973680768,0.000924596511308963,0.000789002744758504
0.000215645144290391,0.000907574570096428,9.41805448942033e-05,0.000266039592074733,0.000422563385751645,0.000258097497570101,0.000773227852132158,0.000495083032006953,0.00073648515853004,0.000759355176423334
0.000991657935993734,0.00137462759439428,9.32767277888645e-05,0.000717092552881993,0.000345145585460659,0.000251314632071735,0.000842599600210895,0.000487129630280249,0.0013292325636282,0.00111864447385225
0.000198672963551593,0.00090952015167517,8.79677026192846e-05,0.000244568116618424,0.000326679222485601,0.000254371099111342,0.000759715635634258,0.000492246610101487,0.00081520854196095,0.000670101858757216
0.000178513254524155,0.000906559002062709,9.15978131682517e-05,0.000226822817531117,0.000445646434987327,0.000240540723465797,0.00080933468070243,0.000508152967483101,0.00085363889488305,0.0010134795483806
0.000216298940514097,0.000903111477611215,8.91334638044876e-05,0.000361304825238742,0.000326086625179894,0.000254430442387258,0.000840278014099127,0.000488986695076672,0.0007416054881323,0.00103342810093253
0.000183511106692222,0.00100039642486401,9.31934172573554e-05,0.000298676851104016,0.000430091479022199,0.00023854434180466,0.000824460178985134,0.000477428371701909,0.000701678889822134,0.000950091969558691
0.000392329040641484,0.00198996325713271,0.000168837184915416,0.000295459261977918,0.00166624859486379,0.000257161492705121,0.00126486901708284,0.000515810678605042,0.00084459159098654,0.00102329555029967
0.000192896251170295,0.00107567531876197,0.000101180400596568,0.000250052674415782,0.000713878650948171,0.00121504847736478,0.000762401633304347,0.00190366497526422,0.00071354237694693,0.000899072746042247
0.000196875660134428,0.000953713438694349,9.46278351123519e-05,0.000269392878481576,0.000370856465110971,0.00024458019494738,0.000739956156996973,0.000498453815950806,0.000713770056105436,0.000872465168695389
0.00021580332513484,0.000958899031760653,9.53639881325379e-05,0.000241001426125814,0.000349066684144035,0.000263271816185305,0.000854271972852997,0.000497887620106219,0.000742924617778646,0.000877486016033192
0.000172598920176827,0.00100872851181339,8.90367735950185e-05,0.000294421053048988,0.000441498868798083,0.000261938785083672,0.000754913063102535,0.0005145166608598,0.000773109701084865,0.000962765037409725
0.000306943849991421,0.00101591951899885,0.000105903682771789,0.000481214750840973,0.00163269380285374,0.00452790482070435,0.00181229116713312,0.00133193137075344,0.000827265987604304,0.0010471848694355
0.00017762668613329,0.000948367295979791,9.0257216189515e-05,0.000363062780474553,0.000438324518105368,0.000261743741754498,0.000777297285280568,0.000517159294246698,0.000757393764068511,0.000845962510695
0.000174465430173813,0.000996543427648069,9.60333636262324e-05,0.000358554306152289,0.000451979820928109,0.000269512373424853,0.000807682650499258,0.000475167377601098,0.000726133211472457,0.00102724341670653
0.000200759246380538,0.00194864253691827,0.000114659111973286,0.000384115845378651,0.000348370709290902,0.000264464818370449,0.00172651792051854,0.00139878364014107,0.0043208598843419,0.00138962137146283
0.000202622462665477,0.000900720215925886,9.07161206551473e-05,0.000332204450454055,0.000430807601786151,0.000239559939287415,0.000826245281813649,0.000477212846673412,0.000787094788063548,0.000890347191461098
0.000196581849153208,0.000982194082341067,0.000119593732518558,0.000225555322169259,0.000336903237717797,0.00198488502448974,0.00107543138010317,0.000467356919025177,0.00111558907286005,0.00086316512615322
0.000738137360391725,0.000956401996835197,0.000106695519191551,0.000540511189814501,0.0004116408654021,0.00085492235421041,0.000843924987742099,0.00100671138306087,0.00102557100370763,0.000728243449487209
0.000172717736198948,0.000995001521708012,8.93095222846358e-05,0.000283609753368742,0.000313320883783328,0.000239524479694153,0.000810635111883508,0.00047645391013579,0.000802509391422394,0.00104850669175752
0.000221249951759887,0.000959136840025109,9.38846622363681e-05,0.000265331409440819,0.000339382005328235,0.000273353606108071,0.000752095465961347,0.000506850743234985,0.000912413744257487,0.000665327217753776
0.000210990217023425,0.00100544042536706,9.52264853048774e-05,0.000315916220264463,0.000338460822397061,0.000255620666447943,0.000854238518112168,0.000466349560840334,0.000761596267845501,0.000942010765621484
0.000197982146446746,0.000910634742981459,9.456008030852e-05,0.000345348984940093,0.000322645836913741,0.000265712250952016,0.000785289011589058,0.000472747454405801,0.000795669672588697,0.00105259537063628
0.000305891087974121,0.000906692951604462,0.000100088324114273,0.000298783571622527,0.00054885133795636,0.00045983046202913,0.000839438505866196,0.011300879520396,0.000877636460683629,0.000992432817197297
0.000181355350500554,0.000954814906431048,9.35730954708506e-05,0.000316015748906791,0.000454872533665978,0.00025925826333029,0.000822556508633694,0.00047089751511638,0.000805966328492661,0.000890434141753882
0.000250654849248116,0.00125482757348978,0.000102484988557712,0.00025828066387709,0.000519280884128623,0.000237238200684754,0.0010210287316266,0.000837955735820619,0.00671923956873269,0.00110233582172367
0.000216941181497062,0.000985941252352433,9.53505507602797e-05,0.000283613703520148,0.000446398968455004,0.000270114419135886,0.000806315581239521,0.000463454123940816,0.000924300035628416,0.0010508016724084
0.000185068314733693,0.0009775965590362,0.000127025129992757,0.000753361451875113,0.000396672676934954,0.000247478809934704,0.0047550246436321,0.000490719107021169,0.00167724516488208,0.0011431908630427
0.000177495671868117,0.000889359518049521,9.03066902422427e-05,0.000259208245252573,0.000421079045875481,0.000255699301291082,0.000843663408715921,0.000462982558792064,0.000975367565297482,0.000677289377359192
0.000189369845171269,0.000929343078880897,8.89933015633609e-05,0.000328567335397554,0.000427880620027069,0.000237501860194126,0.000750053788229621,0.000458081593527478,0.00074980252561035,0.0430508532063525
0.000215419443793739,0.00099062206069686,9.10014055922081e-05,0.000340823009229927,0.000346417063852982,0.000246982118624996,0.000802680581629189,0.000510646190796655,0.0009600051102744,0.000802985072364252
0.00019182473254343,0.000951399232071347,9.5169895356152e-05,0.000232930677870315,0.000294987344837725,0.000242971426381515,0.000765564338783478,0.000512660098112098,0.000743293986931512,0.0010078975912013
0.000209168491028575,0.000986531821500323,9.23638567585508e-05,0.000333425373502607,0.000303246404032727,0.000249675422426747,0.00082596754992428,0.000509989291927932,0.000676243015178475,0.00116707587704229
0.000207729571241175,0.000974284754006056,8.87452258466189e-05,0.000224805934122442,0.000448989740455592,0.000262762038267923,0.000826000036831217,0.000470567521768539,0.000960003674361668,0.000650061271696289
0.000220116004087523,0.00101735634913513,9.46329413200656e-05,0.000218643881074104,0.00037476032986264,0.000261481975024124,0.000793702558053737,0.000501570173276026,0.000804687029127629,0.000946866824205964
0.00118592612318385,0.00199719271380014,0.000193882196300695,0.000339394483704875,0.000369950461150303,0.00025271232636678,0.000794284961669916,0.000488352227341734,0.00080881720418355,0.000959317949847868
0.00017726787380136,0.000919880786268632,8.98773588327614e-05,0.000219041972623372,0.000312920740249611,0.000243891258675105,0.000780694342948093,0.000466710463357565,0.000896988108490596,0.000671492918467239
0.000216187051703502,0.000950666311311658,9.47783273789424e-05,0.000250362320385662,0.000414043082983233,0.000239360634479444,0.000771637813505199,0.000521434707085232,0.000740989553925494,0.000882275353721704
0.000192681084766388,0.000930682609217765,8.94303518720974e-05,0.00036772544802848,0.000299830168419805,0.000270088098578373,0.000761522669835908,0.000475102496360858,0.000801725458419103,0.000674480724103289
0.000371397899850884,0.000994271461787782,0.000220791564211538,0.000305671865194046,0.000377273463764523,0.000245842792194939,0.012489065215878,0.00050094085073097,0.00100123248646746,0.000811178621473375
0.000189919558392471,0.00213211343716352,0.000115926052596897,0.000334730416180612,0.000346695865775359,0.000258782672124376,0.00182222345151159,0.0015356895445001,0.00390999341411053,0.0013456845810286
0.000214713219340911,0.000936338902731691,9.49414804081618e-05,0.000361254566377364,0.000364978381261501,0.0002372861269702,0.000854731286072804,0.000520761790265854,0.000955751688299995,0.000807350511502711
0.000194747817050133,0.000917221161820792,9.58399000978981e-05,0.000322271279264756,0.00037998397277906,0.000266439159724562,0.000807729960128964,0.000509330666227048,0.000693038116355766,0.000848988279294382
0.000192520141433513,0.000962843584673513,9.19985944859157e-05,0.000243456154644321,0.000425445070526943,0.000251142542179954,0.000817160657384184,0.000500582835253383,0.000969266606758652,0.00115955544850696
0.000199009962649607,0.00100859218024696,9.52718342421531e-05,0.00022947539120416,0.000460448034928898,0.000272628320911495,0.000760231211392708,0.000469178274652932,0.000881748512308394,0.00082330711570224
0.000202352293565176,0.0010062071635955,8.93924736774716e-05,0.00036901055941947,0.000365078136304837,0.000273022110063449,0.000821873997773018,0.000522965187510049,0.000695221758001771,0.0010794907647334
0.000179870510561042,0.000946260491064767,9.11081981566117e-05,0.000358507323290978,0.000339698810942681,0.000242096389448546,0.00079096889063617,0.000471300921709221,0.000922659928156903,0.000699630177888561
0.000198905466944985,0.000988183219708705,9.08852045412363e-05,0.000220347654510693,0.000727591396065186,0.000270020748960362,0.000796345169027942,0.00552066578124141,0.000754455995700942,0.00112082508702124
0.000210684847033189,0.000957201582080572,9.47949427634162e-05,0.000308280492522572,0.000449934825960952,0.000260651696359015,0.000751615957137666,0.000489711116426428,0.000866150855139034,0.000658359616062321
0.000175069076666974,0.000933200858160695,8.8692934240734e-05,0.000293819911225335,0.000302647474956513,0.000258262747705035,0.000752590397619462,0.000524415907695744,0.000789410504414198,0.00106804649203518
0.000214356199927636,0.000890662824901246,9.51799370054496e-05,0.000298447689195327,0.000428763463465353,0.00023753621866927,0.000748757119892542,0.000508857775415826,0.000859262976979392,0.000683988402345491
0.000177773513371924,0.000893440682773102,9.01083601633908e-05,0.00021764586329033,0.000414726478460462,0.000273756698827868,0.000788783517708061,0.000489264560166927,0.000761736354025353,0.00111643638999435
0.00018419638730751,0.000941184670670597,8.89627089498751e-05,0.000308460991225206,0.00046148443776323,0.000248687193142689,0.000740424857455313,0.000482171739759149,0.000894291391220695,0.00107469093400966
0.000333765568909605,0.00116945462090529,9.38054108641136e-05,0.000807701225446837,0.00140356908505212,0.000252014742794448,0.000791379089531399,0.000463780616653217,0.0016251667841917,0.00119626866742216
0.00017387772200831,0.000964812105067552,9.4398617956309e-05,0.000228507414502592,0.000347980685403906,0.000260243701958458,0.000755272173303592,0.000467998098100575,0.000827296054843241,0.000798628404840423
0.000191288728667338,0.000899081410312741,9.03411732024687e-05,0.000340137606279667,0.000402726673710407,0.000255815793422305,0.000841572006274122,0.000519386750162101,0.000895705693014276,0.000725693806541987
0.000209527115816962,0.00100679092572015,9.50066483437675e-05,0.000234851899607611,0.000295930658591193,0.000263625376141235,0.000753313562083781,0.000462461277157348,0.000696212163820542,0.000828223645894826
0.000210129302409372,0.000976698115395361,9.41557946951144e-05,0.00031079743535063,0.000386179765896424,0.000251205552406497,0.000802998917227804,0.000475736712867134,0.000938250073038534,0.00117888779841222
0.0025178816510554,0.00117633935935387,0.000103874670761632,0.000716640706305412,0.000453096856622897,0.000514310249249356,0.000780230362752277,0.000813223600737068,0.00131987763229257,0.000999302181527706
0.00017981953255954,0.000882102095904327,8.86916422927399e-05,0.000232081072735784,0.000373923284220582,0.000270824434473104,0.000844522671738426,0.000501980929276742,0.000947860508304035,0.0010225955672024
0.000217516201004923,0.0009574766002565,9.419124531691e-05,0.000309086206860316,0.000344272012776205,0.000248225380331502,0.000744215639941279,0.000486469978887094,0.000913090452396897,0.000921671491594207
0.000207792837099091,0.000963696708665463,8.78598535125736e-05,0.000220602511587772,0.000464211026146731,0.000261010476805049,0.000794337993356397,0.000480430197130152,0.000904663597912455,0.000896436698684424
0.000180518517219602,0.000931416957286267,9.63130690067108e-05,0.00021946916000941,0.000391534139404147,0.000271663178280516,0.000778850523961966,0.000494086354409325,0.000794111645530284,0.00109293447292002
0.000215576387294184,0.000990469859512665,9.26059618628383e-05,0.000265745222983599,0.000413095142783111,0.000256831173961539,0.000751087121822164,0.000497629119684969,0.000745674983359909,0.00107121089614773
0.000201874234403319,0.000912901898723742,8.82667739651257e-05,0.000221241378163141,0.000290062948794243,0.000243556181310526,0.000759143090132513,0.00050918294096041,0.000791921414256045,0.000962998987048232
0.00017403026010755,0.00101575079391855,9.25060020073133e-05,0.00023622699237759,0.000401785244774297,0.000253806062994082,0.000848756921398524,0.000517174384344754,0.000788965238800449,0.00111908508112535
0.000203823595267448,0.000917700243380296,9.15375691493558e-05,0.000256048701788858,0.000308792860493568,0.000250277048075063,0.000847255411368325,0.000507899373612415,0.000750605244834054,0.00106181643068637
0.000178018681358877,0.000915160484734237,9.10823802264503e-05,0.000282749821526772,0.000355174037716194,0.000255967717131176,0.000791041954081839,0.000473427941492524,0.000810004591295122,0.00118281849075849
0.000172955601343361,0.00331634285827402,9.41048836806475e-05,0.000283309340385949,0.000393527647555249,0.000263689718985059,0.00679853479294532,0.000494147082462216,0.00092772110695444,0.000693787040209572
0.000181177423781962,0.000926247595753208,9.10597296322299e-05,0.000302602179441617,0.000365930667920269,0.000251571744221829,0.000826160911082642,0.000477072407672356,0.000936965406053899,0.00102979958061399
0.000188920750969868,0.000990813229418428,9.1914224786871e-05,0.000311830929656057,0.000453147674958445,0.000250259041070741,0.000752936801207179,0.000472828254578548,0.000780941580238906,0.000682620300428003
0.000187682392721049,0.000937851269226183,9.23100716532018e-05,0.000273570732565311,0.000326227623644456,0.000250048668883345,0.000764005140093462,0.000461914591605823,0.000692553861165331,0.000843092289021805
0.000201851813835216,0.000890665680548329,9.4891551284202e-05,0.000318237995036409,0.00035643325611596,0.000263893196148128,0.00073553948477732,0.000484937571741552,0.000681590599139038,0.000847747388751086
0.000175732605280445,0.00090535027264469,9.36475811523805e-05,0.000329526126471722,0.000342081290767296,0.000265504968716161,0.000742288104862656,0.000498486629801629,0.000775937568931072,0.000893631262100749
0.000192831508409124,0.00287244581565407,8.91786628155592e-05,0.000288814219780843,0.000325222376701956,0.00027675181333892,0.00690536084157021,0.000470213228660632,0.000751930963193163,0.000667860044113384
0.000176632574385333,0.000908563903982934,8.92661535605352e-05,0.000321050353316737,0.000330723817655261,0.000259998347734104,0.000808450796536224,0.000467921263674984,0.000918257205580297,0.000649985015642254
0.000217873789911993,0.000925304012541551,9.17053893922564e-05,0.000353694285581292,0.000294097034373465,0.000270198216583613,0.000758656736411019,0.000468680923379364,0.000757882713646951,0.000933736865546553
0.000210689889979039,0.000970854914301474,9.35838338645946e-05,0.000217724452599118,0.000288769341015598,0.000256285601526504,0.000825667221914145,0.000491930191732559,0.000706807716926862,0.000729860672672668
0.000210763107309972,0.000895919740233971,9.15431857957224e-05,0.000346210134129309,0.00037656306870782,0.000252242570139984,0.000856185019844925,0.000476358546810184,0.000871497896688296,0.0010136296705977
0.000196513617913635,0.00110535332542524,0.000102343170568221,0.000274029972631886,0.00103221484166172,0.00113069852968874,0.000837017076105063,0.00167703033095935,0.000867405503698777,0.00107809315136742
0.000174954203569985,0.000973252783410045,9.24655739908696e-05,0.000337190136559217,0.000271493028686357,0.000266149337845511,0.000849418652086919,0.000499881458745065,0.000709442873495665,0.00113820150799726
0.000217407911286269,0.000996036168465409,9.40404244080576e-05,0.000249368820290266,0.000349197541849041,0.000247721627831931,0.000768630336679952,0.000493329727537455,0.000706851274007413,0.000990677896132181
0.000209209364364076,0.000894866336836151,9.56564026392808e-05,0.00035089146198372,0.000385611289617163,0.000263330142260461,0.000839571052031086,0.000487374000691651,0.000955835209763797,0.000750654869159388
0.000218348304680976,0.000881153896355427,8.98031750275879e-05,0.000361656986845648,0.000449475852603102,0.000265826863382283,0.000802688733393427,0.000483999545791256,0.000785490588674761,0.000977283407039653
0.000194828230706921,0.000918919683546721,9.15898270024295e-05,0.000352961265223064,0.000425376893854353,0.000259223860682857,0.000814232746631468,0.000467142768249716,0.000859504057014261,0.0010053712677437
0.000199362285727201,0.000990028845557656,9.45172554201705e-05,0.000346424182714661,0.000284947001663902,0.000253793790893952,0.000792375059949726,0.000468824707455766,0.000923519404131752,0.000925208703294597
0.000213687394832949,0.000950336441369554,8.82101595424057e-05,0.000298214974984855,0.000453019190279972,0.000262303780920433,0.000785196186166915,0.00050203383457044,0.000832033656258246,0.000686171195006697
0.000189448417654712,0.000976560395975068,8.94601406481412e-05,0.000252371767437686,0.000397276166841619,0.000254786623972117,0.000807308881814091,0.000522079490891366,0.000905833763274995,0.00111402564037912
0.000190463542942634,0.000974486794546944,9.00585740799432e-05,0.000262699975208833,0.000299944603157266,0.000263001064955086,0.000738228524823231,0.000506196861097348,0.000732248529261297,0.000655400501833187
0.000181650806029002,0.00098934778366664,9.18088008254397e-05,0.000263312865855404,0.000407887167395008,0.000250457378068109,0.000795609806124646,0.000501920337120465,0.000776577444352142,0.000771846939471674
0.000186846146477649,0.00102567214031594,9.21004865838375e-05,0.000363894473628014,0.00027952167636836,0.000245704942965161,0.000745988962453298,0.000514598936919457,0.000793465166924362,0.000679970445335632
0.000201445415567547,0.000936756119112918,9.1026150890654e-05,0.000244650581855098,0.000371067400111333,0.000247845665266053,0.000764229939257394,0.000507719160654845,0.000791960658806874,0.00109307202960626
0.00267750090447934,0.00108742890233796,0.000447383327087549,0.000803905932231279,0.000433331116779527,0.000388143415735455,0.000861848424712764,0.000150236814576356,0.000933751472837625,0.000889486076899585
0.000173655118106379,0.000916561701456114,9.42792823180465e-05,0.000221637606914993,0.000449605383910793,0.000274511227832085,0.000789000879764815,0.000513475694679973,0.0008430059957792,0.000849212568694247
0.000183400905264278,0.000888723511404632,9.22106284518322e-05,0.000298407343957281,0.000351827811143185,0.000269510291260915,0.000843876740282466,0.000500265067200574,0.000802543205758442,0.0008349075772004
0.000185303983762467,0.000951522822103892,8.80899144669874e-05,0.000308764395029087,0.000303267859415776,0.000251295089000042,0.000763748102421438,0.000488442680766821,0.000773167762979447,0.00103780664831035
0.000185648804658739,0.00101345476697019,8.7651088794598e-05,0.00026957526345018,0.000379634936935288,0.000266381251215336,0.000829588726953894,0.000488440599606785,0.00095461448981268,0.00075986030061411
0.00166286769709802,0.00123035508994145,0.000211535790783172,0.00161522422246705,0.000895799851039208,0.000246691629162978,0.000824207573146384,0.000557700884357601,0.00161587581852242,0.00542184007400387
0.000214231763087779,0.000955576628510018,9.25388504002857e-05,0.000360988358250424,0.000369741871008446,0.000265810885317011,0.000752514007700576,0.000511518678600075,0.00069850164558654,0.000705634665128597
0.000191638854988463,0.00100107022305927,9.61758064479785e-05,0.000238237289947579,0.000315071677405051,0.00026035114582687,0.000815267433717564,0.000485603414034519,0.000741049356853737,0.000931706242818217
0.000188999353463706,0.000981988124330024,9.17825420410829e-05,0.000351266293459159,0.000334693450110689,0.000260686886031017,0.000816265568762741,0.000471795682438864,0.000959365264876233,0.000844958139298596
0.000181706173498372,0.000981334685655245,9.03176613400767e-05,0.000287954561352477,0.000464109036064347,0.000248148210468196,0.000746596070420205,0.000491128633558109,0.000767688069451533,0.00089115613912448
0.000231668101653122,0.00126151991339767,0.000203179589856135,0.000315384611651269,0.000424646417167499,0.00399551037417196,0.0828090404010393,0.0065613189046758,0.00184834483589831,0.00103581981193552
0.000191464268227732,0.00089500504918363,8.80760907195163e-05,0.00028116083479824,0.000452845640571271,0.000259047720759006,0.000783461347235027,0.000522066760832046,0.000864369411082546,0.00103460939450363
0.000192018466927255,0.000972992395869178,8.9099476596291e-05,0.000316530175823836,0.000294145878006662,0.000263854364911958,0.000834114511913952,0.000509024392123098,0.000935451032920972,0.00114759955259117
0.00020848994342964,0.00100423113999102,8.80730613558711e-05,0.000320740683398896,0.000422718602745347,0.000267440617110559,0.000767706434139568,0.00047438584482946,0.000851788410966606,0.0010860258198845
0.000221222418545261,0.000914138452707977,9.06919814677014e-05,0.000230505105091742,0.000346802620965814,0.00027121456981862,0.000806337708339816,0.000495551883412449,0.000973283507519295,0.000838236968843113
0.000179298315876741,0.000989176659385841,9.12109325310305e-05,0.000305923773044979,0.000354921089989207,0.000274970393819154,0.000817111204558692,0.000467466201047691,0.000775140889240466,0.000891271070813009
0.000191324593968648,0.000922979252619801,8.80762239527296e-05,0.000276711675102317,0.000439687487328942,0.000257746996367583,0.000748367973285118,0.00046349834850228,0.000777954724427473,0.000772462636182703
0.00017935433419849,0.000909113388067126,8.75781968063606e-05,0.000369191545191893,0.000442239872887576,0.000245721450491874,0.000826855486027396,0.000463960928201313,0.000862014490548325,0.000747680273751759
0.000195482384641263,0.000986605201135621,9.41352500320463e-05,0.000246928673746227,0.000316875658162198,0.000241366587332895,0.000849593190423932,0.000482784061892184,0.000865613808557719,0.000639416867486236
0.00362239301657262,0.000933634730553727,9.92733955491386e-05,0.000330340200643906,0.000290654222375834,0.000296719294782681,0.000762530664395384,0.000487401304247753,0.000793922621784922,0.00095018994335372
0.000184336988351891,0.000988349124961984,9.08733837563468e-05,0.000232997837877069,0.000397797331086482,0.000269351088962124,0.00075107548200434,0.000511950708571295,0.000866438253135273,0.000904476460581736
0.000199585250943691,0.000937037634275554,9.08202114285916e-05,0.00031673115680659,0.000458801131891921,0.000259126260540061,0.000761132220466587,0.000515226336229108,0.00086611401722642,0.00118167450161418
0.000204996032247193,0.000916854770725425,8.85059856982456e-05,0.000261779917481452,0.000304181641036084,0.00025734770989162,0.000792223623607248,0.000516359558322207,0.000695459430638352,0.00117198336052809
0.00019078096356133,0.000982853354818165,8.8224173639733e-05,0.000274731593779399,0.000420539901519032,0.000256134175205074,0.00083692545360895,0.000460962014514532,0.000722624504026325,0.000796958522377711
0.000184580754962385,0.000955760411923304,9.59916891276817e-05,0.000363216732466411,0.000441220009111232,0.000247216597587198,0.00075952696291983,0.000492991061164442,0.000741938177914856,0.00101522170198322
0.000227171026676319,0.0104149259934883,0.000105110175355134,0.000255777312451786,0.000307709248897366,0.000258033162183233,0.000757854019889483,0.000480769022591347,0.000709852558554708,0.00101399704276356
0.000215118109987309,0.00090108603315572,9.43153939965547e-05,0.000302562259804462,0.000313730888650631,0.000252803475927677,0.000759434721408724,0.000515698573002698,0.000716805522121784,0.000923768455298134
0.000195115706531596,0.000994649800092438,9.63307537640882e-05,0.000301240900170638,0.00037192051599834,0.000241213867815928,0.000838432935535168,0.000503505145857223,0.000964243815063292,0.00104930844956418
0.00021383226330003,0.000931835228780707,9.50924429702419e-05,0.000297674517568039,0.000447864065318706,0.000267427667286499,0.000772519839030642,0.000498613558801733,0.000713273663182047,0.00107620082757173
0.000191717705631776,0.000945996825619012,9.37136013605287e-05,0.00037267185105559,0.000308032380767761,0.000256168141721108,0.000794626070197653,0.000497245331852402,0.000895428841245342,0.000845071601355722
0.000204175472280247,0.000951457611919575,9.17176873371322e-05,0.000334122391270907,0.000417951072066962,0.000266917493358842,0.000805863092423812,0.000512399658414145,0.000872877191627488,0.000725045979015625
0.000187120802460135,0.000995108919552084,8.76085855729434e-05,0.000345677145519276,0.000383573001489423,0.000238128100183887,0.000837124179771922,0.000484052524956354,0.000916847287658234,0.00112312307314296
0.000172331211084793,0.000907973878069888,8.93680826591268e-05,0.000225885407757431,0.00044709903920649,0.000267486644940004,0.000851259971044475,0.000521655328716345,0.000707094640955796,0.00103540905347122
0.000172377779953412,0.000952780403851349,8.82249018767118e-05,0.000371884393384857,0.000304324566872256,0.000247649595967252,0.000741402097437876,0.000498030356320707,0.000716988496689853,0.000904877187209684
0.000206954065541579,0.00095070858118094,9.27209124293387e-05,0.000364485532802039,0.000290095194040719,0.000253502178467324,0.000790231521350653,0.000487910841450193,0.000727477741710366,0.000736105339069376
0.000203232735116601,0.000888027376421281,9.61075393826641e-05,0.000362260440682537,0.000291861179201897,0.000270773953115317,0.000818228859055245,0.000475220367829557,0.000862591625876155,0.000647206420148413
0.000198955747283891,0.000883314767629183,9.33687960366881e-05,0.00037419377075817,0.000350632102257055,0.000272042687610076,0.000752002013198156,0.000462273306151371,0.000965108090593062,0.00104668576573569
0.000206703585816229,0.000970031557847069,9.45562788911994e-05,0.000349575599044402,0.000323775802131815,0.000259701751512719,0.000786025352319729,0.000514213263618421,0.000922384752769616,0.000633685526974167
0.000216966485487389,0.000947392243979432,8.86154157539824e-05,0.000231471447427047,0.000448400707690755,0.000259920639808733,0.00076024573871652,0.00049698751733333,0.000921163149702126,0.00101748217227009
0.000188882568474497,0.000949436164102843,9.31206920809117e-05,0.000256750847221953,0.000320699853693423,0.000261933754769057,0.00082108221197481,0.000523307840004907,0.00097081380048329,0.000711795413509693
0.000179855362097928,0.000976334597294835,9.32596766350782e-05,0.000252321980231473,0.000409103560599082,0.000268324173879791,0.000804155060443521,0.000505720049065826,0.000739120421355721,0.000748722560098788
0.00021018443906342,0.000881128617652846,9.33593884594845e-05,0.00035129964706648,0.000345760263953349,0.000271339664165152,0.000854236241731581,0.000512952338638076,0.000928296577925924,0.000796175553461305
0.000203939123877416,0.000978477276749376,8.83073282339167e-05,0.000283079938695676,0.00034358680545284,0.000239950838483961,0.000798457988993287,0.000490934221750371,0.000811234592851213,0.000945066698253278
0.000202320545382545,0.000948843393348815,9.17153735478194e-05,0.000278904429229859,0.000436975699746226,0.000242964514025992,0.000772855907099447,0.000471508327226007,0.000700309739797823,0.00110980209715046
0.000211385441529871,0.000944568396876636,9.40849797433351e-05,0.000243384480326466,0.000295705409214182,0.000272185837315897,0.000781481872012408,0.000510286464995569,0.000905433388388609,0.00110134920077714
0.000192281505163025,0.000946020233490948,9.37426981173553e-05,0.000252356005479078,0.000295602301682269,0.000240839205789825,0.00074056385906965,0.000470922932292512,0.000791616484651313,0.000825529677941675
0.000204900649054597,0.000891006468215327,9.44932593880068e-05,0.000257834995252844,0.000355867964571492,0.000240256265137744,0.000785457524137667,0.000489422789159561,0.000937086718236868,0.000878802821931395
0.000184543067783545,0.000900941153166221,8.92323422326216e-05,0.000353992193174848,0.000445444008224651,0.000246125319844816,0.000734983813712389,0.000460457333961366,0.000900548062924877,0.000804274201651616
0.000178038698763078,0.000885473370946057,9.62050220709076e-05,0.000337045846446285,0.000417791261907746,0.000260822091958156,0.000850004410551736,0.000518253679035757,0.000867995307879123,0.000960531081420759
0.000213474141655331,0.000926989519322361,9.13151819598247e-05,0.000252748818786425,0.000285628607287111,0.000267957013902906,0.000765138678360132,0.000505551463720699,0.00074726650551726,0.00117672571944052
0.000196919031607765,0.000962185838854554,9.12824037035623e-05,0.00022150666229734,0.000334064226395738,0.000258541132280935,0.000832960961607847,0.00051766361421248,0.000775406689488685,0.000667700143795381
0.000197687159044631,0.000923137194548139,9.60941892958811e-05,0.000373170597308858,0.000373251771337289,0.0002437900522473,0.000832522378185637,0.000508444833613804,0.000755870157367301,0.000959118147233878
0.000212121995738785,0.0389341472047071,0.000114137829001598,0.000373805075955002,0.00032831043942173,0.000515808340718855,0.00130562207693387,0.000733804977826252,0.00720314260289596,0.00169041602364809
0.000257209397741263,0.00142174395178744,0.000123099962606881,0.000547916058621814,0.00123386101000945,0.000383547517918985,0.0326980441279692,0.0039043054916808,0.000749820797272099,0.000904427393768689
0.000185349624633909,0.000971917252155103,9.2894810543085e-05,0.000293718738042153,0.000417223486636755,0.000262704077806892,0.000746349288775926,0.000487799294024102,0.000916284419839179,0.0010017383471133
0.00026703284990097,0.0118899116310889,0.000102092992407654,0.000724669974542424,0.000492416602570276,0.000531924735474007,0.000962609311672632,0.0047673420494735,0.0478881402732068,0.00127916954296522
0.000180791233814486,0.000933391095010005,9.59675965469063e-05,0.000349300147315792,0.000278608826185309,0.000256077929975969,0.000790125287854961,0.000472556489173476,0.000921639101234189,0.000648605988971756
0.000178021797015095,0.000907302337831978,9.63488155361754e-05,0.000314729198253133,0.000462019311828133,0.000267294590265261,0.000774655795476071,0.000491235341427553,0.000678373076825818,0.00070566104712207
0.000176504102844267,0.000919811813804664,9.39951057440348e-05,0.000267125153069705,0.000344682044825994,0.000262336966060456,0.000851832363122027,0.00047398282283593,0.000876192399150504,0.00109803567195924
0.000176586969738641,0.00101159204151107,8.80075017471679e-05,0.000236002459035236,0.000384334903229078,0.000271266709573378,0.000765930929587144,0.000521248859308958,0.00090592926384047,0.000805821741270107
0.000201444304653615,0.000981409297826878,9.35404888944772e-05,0.000317078338543501,0.000480849558049699,0.000377639683162752,0.000765417266193722,0.0645337731517398,0.000771655923761933,0.00087596434962437
0.000205588419713576,0.00100911774743198,9.97499646151167e-05,0.000285946670479227,0.00397396344757436,0.000286017326986744,0.000782760133971439,0.0313811621646116,0.000746521424550625,0.00083323533776832
0.00019075003381787,0.000884467790236371,8.83298562802449e-05,0.000248692611807601,0.000417779241973572,0.000268610246868013,0.000751675195242271,0.000475326384326656,0.000720010226259958,0.000707598019658387
0.000198909661062672,0.000976805942762968,8.88830450370523e-05,0.000255167232379381,0.000410649774103061,0.000271035749613196,0.000763925337687165,0.000523259057662822,0.000728725825953425,0.000841278777012628
0.000233595891788971,0.00090856418850691,9.52773161003972e-05,0.000255347835155981,0.00468175502937158,0.00024627397790906,0.000796220469333591,0.00339266229202316,0.00085626318365167,0.000941488567929505
0.0123048982477499,0.00120413287007659,0.000181021753952401,0.000527190504141882,0.00041484325750972,0.000222052793586815,0.00109453565301795,0.000472046084016806,0.00308358333200075,0.00103441816468305
0.000234517558541916,0.000989989563950665,9.64913799835739e-05,0.000282747246594174,0.00468323595686888,0.000244773058549827,0.000850500713529381,0.0033453315852425,0.00083845895856714,0.00095457106406369
0.000211489289309949,0.000978012299131106,9.48842957989293e-05,0.000304284596147155,0.000354884769169157,0.000263953867644997,0.000740270822201598,0.000478514858422609,0.000814834448822481,0.00108058588491044
0.000220083184729752,0.00102389138925927,9.04222368656274e-05,0.000296695297171067,0.0003187542339367,0.000264396062033292,0.000832177978905814,0.000493180533001176,0.000882307039368572,0.00115940564407096
0.000205774360990124,0.000923140626538882,9.57625409539729e-05,0.000373729921097697,0.000455204244614021,0.000255822012433236,0.000776257753758951,0.000511410403562436,0.000789791990403379,0.000801096697551506
0.000173658330383118,0.000987728236444933,8.83578866566894e-05,0.000373942721492038,0.000443565354568361,0.000245846159213085,0.00083547748917179,0.000476398801533446,0.00088113519501835,0.00110864450484327
0.000202195209686254,0.000960904000061511,8.93305817554103e-05,0.000348841796696528,0.000350518763179085,0.000253716637594155,0.000842369923443312,0.000523081562730057,0.000931432920242104,0.000949171856620046
0.000216694273297653,0.000952194657823309,0.00011638832057999,0.000589584135813107,0.000411765328343221,0.0002625650095175,0.000848660599854157,0.00059394863973783,0.000817417053639962,0.00621450783190514
0.000192116801276432,0.000913227207430905,9.06479679024718e-05,0.000354101941528347,0.000435297566757518,0.000258633562176894,0.000775486413957688,0.000488525995259277,0.00090922934540614,0.000999808657929821
0.000197375211855394,0.000987088916852075,9.333963237985e-05,0.000372795858298265,0.000409124660081623,0.000258287887443525,0.00079860299344086,0.000501991988174639,0.00070554941898404,0.000787884159638971
0.000189013665731269,0.000924959766335663,8.77985984873804e-05,0.000286841730959053,0.000408504219887584,0.000263299964245589,0.000802355065511022,0.000495667304166588,0.000815512649927177,0.00111759678606235
0.000212767898376322,0.00099095944356902,8.95366502416996e-05,0.000332579854839606,0.00027966920369039,0.000249998137760598,0.000738882724452595,0.000485618252623167,0.000676686427803044,0.000945797618038098
0.000212651564399176,0.000918390247562927,9.42666576838689e-05,0.000255272268152357,0.000392304108726298,0.000274006240574697,0.000825777980335966,0.000463851589677143,0.000955529047042373,0.000744356962630033
0.000179433172841111,0.000920076532136607,9.19743741996789e-05,0.000373872784394714,0.000352262625723768,0.000242581510171051,0.000787852144705238,0.000488413920391909,0.000785619593650229,0.000913383179039745
0.000181813406495827,0.00101290709796192,8.87961609604263e-05,0.00027024213808263,0.000433797405341347,0.000248187655843405,0.000790423016716706,0.000474776403588852,0.000930531617367026,0.000866600967131129
0.00425511043318105,0.00118736776185626,0.000192931611082639,0.000331648759964179,0.000480582485436909,0.00520739011919244,0.00323574661797375,0.00244939442688661,0.000854768452286363,0.00098238462532487
0.00019455546989401,0.00102084523379928,9.61636884379284e-05,0.000348131058799893,0.000368733357610773,0.000258036761717895,0.000736359872139806,0.00050328954070649,0.000730939518297648,0.000696794562818241
0.000185076296562488,0.000955234596605563,9.07434388035647e-05,0.000266740366005874,0.000277496335541365,0.000273931189471327,0.000786401854599091,0.000462895228026208,0.000887029570807189,0.00102104584883585
0.00021642306335751,0.000895795953626218,9.34557819046898e-05,0.000276339148095291,0.000333906177971204,0.00024701982394886,0.000849088633748329,0.000482424927196502,0.000813267540188555,0.00116050892893849
0.000172444002525191,0.000925999044727453,9.38490066815885e-05,0.00026908947603218,0.000376671084749419,0.000244082837931,0.000797532642861679,0.000514046051499603,0.000677337713864387,0.0010964359414985
0.00018358843660648,0.000884621026942906,8.87536440332009e-05,0.000330254691628642,0.000342167882558413,0.000245468558413215,0.000848154102647447,0.000522354258807351,0.00081467870673029,0.000829463606922351
0.000173879164585033,0.00100672199440286,9.0168408943886e-05,0.000278987266251036,0.000315094570883805,0.000264031922017348,0.000809854254356601,0.00051684511426061,0.000853881763590217,0.000724794415355539
0.000204100354949832,0.00101140194163004,9.5116426317042e-05,0.000321500676947018,0.000454504066367896,0.000266393103567648,0.000791955051699943,0.000466866941186222,0.000890531539449194,0.000929341998226284
0.000195229224747061,0.000888017976246262,9.17909761909043e-05,0.000305940344692092,0.000312976811250017,0.000258314958741355,0.000747054044588904,0.000460490077653146,0.000681257847131018,0.000749903668005109
0.00017424478548799,0.00100801921559864,9.20418337674197e-05,0.000323338983948294,0.000411322031090349,0.000255414906723406,0.000807754267090124,0.000498720409757255,0.000837505740977423,0.000835625359784123
0.00022092228631837,0.000896447205394861,8.87304023267351e-05,0.000271536676270599,0.000411720861346325,0.000238046843649836,0.000739685738902956,0.000466823549356989,0.000810959760623685,0.00111420666641183
0.000180986325843343,0.000957542830433866,9.53156934324178e-05,0.000352481504823398,0.000385177680954701,0.000238808982726488,0.000825294667345286,0.00048201421009544,0.000884401689391385,0.000881426895618934
0.000180947327752497,0.000936037169220028,9.59686265053832e-05,0.000373842181520682,0.000345974127326791,0.000246972437105788,0.000809241390187241,0.000491066095629181,0.000784440307339206,0.00112719103936232
0.00021331102967137,0.000997449818367573,9.16571585712081e-05,0.000317927548256818,0.000391074354787679,0.000250160519993114,0.000769001479535733,0.000521705675648572,0.000713243910079622,0.00067784612241173
0.000179303952105872,0.000888057718104411,9.12305351939173e-05,0.000326572818160417,0.000274389819011356,0.000242962107380161,0.000739952395091532,0.000478404001780288,0.000759690594757591,0.000810737652970153
0.000181519404938449,0.000983773942048516,9.50349099460899e-05,0.000305767554244542,0.000398322069109252,0.000241553109494522,0.000801609942434157,0.00050534351928187,0.00090143943199374,0.000680773507357458
0.000184140739558167,0.000890195757471312,9.03089302101227e-05,0.00031031384455831,0.000276139084426849,0.000243958514573402,0.00085577371657391,0.000469418845752542,0.000707475273953706,0.00116726212497779
0.000204043773866762,0.000969343425690017,8.88078603710251e-05,0.000319753382880346,0.000327510263252057,0.000245544286401713,0.000840272445719662,0.000466371034334525,0.00075705178467221,0.001068987497759
0.000218899497717588,0.000931618747221402,9.12826229328919e-05,0.00031575422667832,0.00043959734154703,0.000268739647242301,0.000849876709820054,0.000480274191264776,0.000973485426903152,0.000888138241358847
0.00019991063065021,0.000916851855119345,9.48070570935101e-05,0.000343002041091508,0.000414097541308186,0.000274438758599485,0.00081095675415734,0.000510194655991974,0.000810911602785127,0.000660227670819491
0.000186479332542798,0.000974507370274994,8.95500915321902e-05,0.000356679328574056,0.000398960120617064,0.000266970722726994,0.000838721258679189,0.000468157132843457,0.000895655478326325,0.00113760114856422
0.000221732828545387,0.000944115683079105,9.42639379161929e-05,0.000313721711324384,0.000383096876238292,0.000239145851375093,0.000826904800325446,0.000500058362483,0.000784898964722505,0.000878629652856896
0.000211203081296264,0.00324143293898406,9.47203117468889e-05,0.000332175607328482,0.000442234677129706,0.000254392543541617,0.00683964716411394,0.000471598635362071,0.000870897482826929,0.000710942996139691
0.000233025749878997,0.000978912728800071,0.000100763779783631,0.000338116593655421,0.000583223779545349,0.000422259386928497,0.00579711193168904,0.000500487406996299,0.000752845298933051,0.000712398945584495
0.000411376117726556,0.000927444346654749,0.000104954492989217,0.000445577519229883,0.000510325177994184,0.00086659896575818,0.0008130690955613,0.0072011801350993,0.000980725558942313,0.000678376877155952
0.00020485887965124,0.00101986583881908,9.16982247585183e-05,0.000342195701366342,0.000331248095687046,0.000255817794824044,0.000818514547573268,0.000476380990654553,0.000913003039611516,0.000901021312275718
0.000245841488170254,0.000922474534024239,0.000101514967382313,0.000305106198037998,0.00466389521429699,0.000252726262643235,0.000819075602467444,0.00334016201230049,0.000829697047393666,0.000986557180201732
0.00016879004406108,0.0598366041684165,8.96990657621898e-05,0.00030057747015446,0.000514231639011437,0.0030800301424296,0.000775987424066074,0.00116901050153095,0.00093641467514707,0.000908041721990529
0.000201960115321499,0.000949930559311478,9.19312446835847e-05,0.000305620241634674,0.00038997770296176,0.000261968115620901,0.0008276311983726,0.000470853458178056,0.000677124572744579,0.000691228719375247
0.000184077626277864,0.00107525172850382,0.000155841911002199,0.000258045010642662,0.000534133890612862,0.00356070637083385,0.000782204987496277,0.00102054358583577,0.00120445918389009,0.00103117746293563
0.000216889541834458,0.000889060191520773,9.59111491074104e-05,0.00024461216678066,0.000339613661483643,0.000238550948327089,0.000796636797208587,0.00047106519778491,0.000899260171604171,0.000724788795607144
0.000176676899669015,0.000905432108414925,9.56762185225976e-05,0.000308811995405042,0.000311094620799866,0.000269185120713697,0.000738263000101993,0.000518813512826855,0.000803348663887051,0.000869265533163898
0.000212777066340404,0.000900787289746544,8.83781908893806e-05,0.000250222981685785,0.000425253240711906,0.000269995708143551,0.000800884664152784,0.000495443066589422,0.000947582740986247,0.00108831963115679
0.000197650571708785,0.000953153220738733,9.29938586209212e-05,0.000360112053827384,0.000308173721221089,0.000241917963774253,0.000735279936988295,0.000497860537684529,0.000903572696611277,0.000990773408848172
0.000220488774858584,0.000987566489943796,9.53231706768665e-05,0.000285466682140905,0.00032032919465447,0.000265258672638184,0.000770203353864249,0.000478168700218333,0.000705146063190962,0.000897534688774484
0.000191210842060364,0.000902983658104289,9.13524083296939e-05,0.000299980902471467,0.00028443249076224,0.000244316220420621,0.000768393392313292,0.00046462696409796,0.000884970639910695,0.000630960373686397
0.000203817972113369,0.000969829677155415,9.06328201665184e-05,0.000344282947672107,0.000327922137643905,0.000274069534662605,0.000792416192022434,0.000482853768473151,0.000951633598826099,0.000848642715239336
0.000197626975956551,0.000925482913774351,8.79544807680851e-05,0.0002442743684576,0.000396409820480031,0.00024359880952396,0.000806391226524353,0.000503369775494628,0.000972058715510519,0.00114466548376889
0.000228623048807688,0.000962732625757237,9.99330534113563e-05,0.000302241347714677,0.00470685546396842,0.000268503288985818,0.000842334141708548,0.0033937212099266,0.000753139657740108,0.00102952103912521
0.000200067479603826,0.0010145649239722,9.23850087216946e-05,0.000321173339502937,0.00038833870186491,0.000249577111472845,0.000770118866479781,0.00049463715188281,0.000868892946567977,0.00111410392454466
0.000216747266505971,0.000970441752127971,8.89499607386283e-05,0.000314544540452332,0.000289638662487897,0.000238770099176418,0.000830612806101931,0.000497666682500699,0.000710872358725511,0.00117320561220514
0.000184062878759182,0.000957993878160649,9.24484250345036e-05,0.000317444600366393,0.000287326042248865,0.000247388388038971,0.000826027914523143,0.000524771849978315,0.000750380499760012,0.00117700166188569
0.00019550653316311,0.000936540509630596,9.53228247368894e-05,0.000235515727543724,0.000422183748122676,0.000260208185322516,0.000752257122868752,0.000489075648198232,0.000715867315549277,0.000956604287916058
0.00018758513731912,0.000991321388282244,9.35339462075913e-05,0.000372239479677199,0.000390851150457507,0.000255713278261523,0.000754081776585459,0.000494546641200268,0.000711679894975032,0.000990008151713337
0.000185160820361382,0.000891856545061575,9.32057648236888e-05,0.000315356766124841,0.000373796937990496,0.000265834190714356,0.000815377904334691,0.000482223306261229,0.000758659653670689,0.00118889613486752
0.00018808926431848,0.00102401843264671,9.5206947710087e-05,0.000353023180360584,0.000460424142761013,0.000251464197945019,0.000759483424601292,0.00046957170050601,0.000854691547491159,0.000659525642055674
0.000219305131938452,0.00102576945876627,9.45185451954004e-05,0.000222592983675786,0.00036589987458335,0.000244205206713129,0.000820579405509751,0.000505408779612303,0.000752917583457682,0.000901579110589068
0.000181681271271512,0.000900298538223051,8.93670840272497e-05,0.000331935209642471,0.000451718996456773,0.0002474755972269,0.000737263854837649,0.000492257528500358,0.000848484054370444,0.000973983256725328
0.000196885926550894,0.000979092409334478,8.91517128834861e-05,0.000306868668098706,0.0002733375761777,0.000236883740180984,0.000797364129481593,0.000495555710703847,0.000907868677473317,0.00111405610664841
0.000173564744994805,0.00101583022638079,9.58875968178349e-05,0.000283840250314001,0.000445303236755369,0.000242143104051794,0.00079041067567762,0.00050367976151319,0.00072263527738156,0.00117053586616891
0.000182774734246765,0.00097845745292264,9.29654149824837e-05,0.00028905053449615,0.000430097610294632,0.000252063385878764,0.000825435582197883,0.000511233089969358,0.000693398229059406,0.000930654540408297
0.000201720252162308,0.000917483701188584,9.44386413063346e-05,0.000365074897345812,0.000411725011817556,0.000255552828844636,0.000835825906090103,0.000523082423987229,0.000926526632833437,0.000883169624851346
0.000216506108944544,0.00100194522851899,9.26595698796313e-05,0.000290904913881635,0.000369000741645,0.000271103496882201,0.000748359562179383,0.000501984171380719,0.000721691832282706,0.00102741196604539
0.000189448088338052,0.000995763497040548,9.27631704825654e-05,0.000353751987761549,0.000400850010096574,0.000260703176293837,0.000855506487115305,0.000464484006701194,0.000795316980948716,0.00108669358003086
0.000177750854409297,0.000916180174651369,9.2016359388975e-05,0.000247320873079898,0.000334464754035061,0.000254328358159536,0.000786353937118253,0.000478124740701811,0.000774374746800142,0.00105612700648756
0.000205521506139657,0.00099329944293155,9.35061280365644e-05,0.000355730385364176,0.000394147906940676,0.000244496813314254,0.000765041854308652,0.000482336472585547,0.000785256247337083,0.00118283985925655
0.000215297686718771,0.00101369074264237,8.98903228419208e-05,0.00034800280902209,0.000423694545789288,0.000237885745375785,0.000843893784431009,0.000491208316415733,0.000737452265569224,0.000811356634549084
0.000209190974117695,0.0631432850257896,0.000146358154452473,0.000369874695291092,0.000379521016196869,0.000284952948576454,0.000997645460932771,0.000659454486790318,0.000820079344453295,0.0010800248872759
0.0014037998047121,0.00161749810894369,0.000136378693600847,0.000325197375900653,0.000401207699209455,0.000257077441064845,0.000819643835245117,0.000497948710507048,0.000901523625054102,0.00139955029617638
0.000220609356904339,0.00091751595211433,9.49985722724198e-05,0.000273267601392299,0.00477038177833271,0.000267990315621223,0.000784107033550137,0.00342513247364103,0.000853895332947659,0.000668718911632126
0.000186539514515404,0.000894668633997613,9.03381577725462e-05,0.000333987526880276,0.000383290385226462,0.000237393786064404,0.00078952721154443,0.00051213721630233,0.000711677573101821,0.000728825783232985
0.000194431285442231,0.000908210054480525,8.87994387932483e-05,0.000351681572042543,0.000292171663595973,0.000253940098827098,0.000797268080336748,0.000500612126446075,0.000820438666430115,0.000979704958080698
0.000217587109512586,0.000964121070167709,8.87323478322832e-05,0.000321988757431784,0.000322350877608084,0.000255096279299604,0.000787987383742179,0.000475588024429276,0.000762912719636417,0.000992495018311723
0.000184783056472084,0.00102185104820734,9.03565672671021e-05,0.000260716460051742,0.000350829363048158,0.000267319844068485,0.000807849159464848,0.00048218370263223,0.000968407639413371,0.000787230786789866
0.000175836235174226,0.000928038723745715,9.54465989953707e-05,0.000366734414709772,0.000289917865288508,0.000245704521876946,0.000847447814216725,0.000485595127898401,0.000904724365786714,0.000806554473305236
0.000196420134436666,0.000919946673218558,9.30966762234649e-05,0.000243930426363296,0.000412460866196337,0.000257824554650635,0.000751624576799594,0.00051816060456534,0.000835226519894188,0.00107252056577519
0.00019049086364893,0.00101966446589636,9.34739434402792e-05,0.000348009601803684,0.000361325844840781,0.000266690701591801,0.000852360654202067,0.000507566714251749,0.000783163997687901,0.000640652746157722
0.000176762766203131,0.000922425834013299,8.83042091633921e-05,0.000345977511527716,0.000334114121102697,0.000267345800474843,0.000819852076837372,0.000497747423778999,0.000721278503924259,0.00112420193670277
0.000191428527160316,0.000935082710307757,9.13012444505011e-05,0.000313331830194939,0.000460356514954775,0.000238088266334211,0.000756650237179476,0.00051630707121105,0.000778855932186179,0.00119156598603278
0.000185614156972298,0.000897823144323616,9.44961960733764e-05,0.000343192196885969,0.000345027412559071,0.000241681237324841,0.000754815221161008,0.000479641436220189,0.000840256379376737,0.000771358646860378
0.000212255110363911,0.00096579181138514,9.84426608219161e-05,0.000342789068811499,0.00059189656687463,0.00025312288465567,0.00080521243000499,0.00565031485464324,0.000859789352951499,0.000822911824831444
0.000213038505124918,0.00100738914372938,9.12413650357439e-05,0.000371994789469017,0.000329801756267867,0.000252218003630199,0.000772361053374639,0.000502811188883672,0.000868997587091595,0.000814185410872292
0.000274900397196269,0.000865964350951378,0.000184459698395802,0.000493575924614633,0.000688286206450313,0.00141554605638046,0.00103766648576414,0.00102753567265707,0.0315987018223254,0.0012441268834009
0.000176266516042671,0.000984329047909151,9.01826014271724e-05,0.00028289448337639,0.000324713565204458,0.000239460311762485,0.000797480346031243,0.000513334364137635,0.000842820403448243,0.000806501057070464
0.000216618520406781,0.00100739424910314,8.99156048830742e-05,0.000347778171917705,0.00033013566358057,0.000262579361916454,0.000815603161093628,0.00047012139815728,0.000768313723848194,0.000749582908351198
0.000198749828619815,0.000914957771533896,9.00906592691491e-05,0.0003234207746669,0.000455034045986752,0.000259810897696412,0.000854433792697274,0.000459634581006007,0.00081676206174862,0.00108098328201679
0.000217192394929146,0.000894195679557358,8.91378315086559e-05,0.000261515941130193,0.000439332308780648,0.000264765531539881,0.000789079805561951,0.000485524205290465,0.000778144579216468,0.000951047512945392
0.000207883589516888,0.00101290048125961,9.44979073807626e-05,0.000220448189505623,0.000441722158242253,0.00026081940836213,0.000735828973884879,0.000463733993337678,0.000961571146282136,0.000656919765163752
0.000202377106902172,0.000981326908626678,9.11669071725859e-05,0.000291123390213732,0.000392575955824889,0.000239762923457138,0.000762485809589828,0.000520727241644997,0.00080139886833512,0.000941882510477485
0.000197606314504233,0.000883343375591099,9.53918875877232e-05,0.000316321351028221,0.000452884253852557,0.00026962261326111,0.00084161465398423,0.000509095909268773,0.000918526372933155,0.000639072927033717
0.00018319049923437,0.000892382741349577,9.08699588610474e-05,0.000282064009121926,0.000324729686252199,0.000237052402599861,0.000839071960770565,0.000462507885460395,0.000847229961345158,0.000695201364493876
0.000191677545010193,0.000890307911418094,8.87909529480481e-05,0.000288096263542269,0.000317408036026023,0.000260269126366588,0.000855972745477616,0.000479148484326673,0.000971301393987036,0.00118260278512067
0.000188421041497594,0.000966346410929798,9.35165608778541e-05,0.000291268736845436,0.000382734087780379,0.000376931392039376,0.000762850769669539,0.00462209488835369,0.000780209648805305,0.000935552200041011
0.000176961096694405,0.00158687039728747,0.000206472800827585,0.000282553002185548,0.000440704261025104,0.000252904884121679,0.000869237974855269,0.0031918357500898,0.000888844439220233,0.001011057047512
0.000181258767107206,0.00111636892083252,9.94076438379872e-05,0.000288071535240967,0.00109927047287866,0.00091672066316315,0.000788452729143897,0.00202949806577839,0.000821972105393613,0.000952957142436178
0.000193070279077386,0.00102506822458325,9.3361571308716e-05,0.000230796485777424,0.000408881517383024,0.000244455953722806,0.000749202369173716,0.000509044421584215,0.000878625697547426,0.000816412863121512
0.000179025971859372,0.000953363740059887,9.01370053864403e-05,0.000340741254447787,0.000366635097250351,0.000239382113051496,0.000830447312163901,0.000492907876542218,0.000771975343949512,0.00078325741516345
0.000197190136918422,0.00102275147180753,9.24732757307239e-05,0.000331701052187838,0.000423229446707976,0.000262311601691316,0.000785219616314048,0.000486792712703948,0.000746480955123463,0.000986386611043253
0.000190363260804043,0.000972414225390757,9.53144870686404e-05,0.000241602430808409,0.000413094752849405,0.00026966614925391,0.000771431768851327,0.000519584082795167,0.000817441411747048,0.000745588214127129
0.000192293696326021,0.0009131729998323,9.19447974083015e-05,0.000272196285453058,0.000462177311033897,0.000250652803341011,0.000813044216448835,0.000516876027504259,0.000730081917504251,0.00100560823722983
0.000174769468615385,0.000970270733268796,9.48351804148884e-05,0.00035131745682978,0.00027297533389806,0.000240333722508043,0.000845358343758447,0.000465092003205791,0.000885056035414836,0.000946878120247102
0.000181244565571358,0.0010000806221855,9.58894785564128e-05,0.000309928450089419,0.000379473841287639,0.000274654961626562,0.000760548065844958,0.000504805839397732,0.000734576693794542,0.000993003832622426
