0.000522655132904132,0.000260880025239259,0.000314380973409589,0.306492992362084,0.00013217191435069,0.649320204586896,5.44582489881803e-05,0.990759382393012,0.00131234851902937,7.19178774775339e-05
0.855093824337297,0.00113559164546629,0.00166198897265523,0.000360049368751019,0.354160265445844,0.00326851122212514,0.992640192560809,0.000192590023128692,0.634744237635407,0.000126764196009391
0.000291971695770145,4.68544384932779e-05,0.000339262765126864,0.000308017160992523,1.81651055248486e-05,0.000154891194047449,2.05348055394403e-05,2.35123129620273e-05,8.47210969722532e-05,2.10599549215076e-05
0.000327647023245719,0.969132832351676,0.000370893172492591,0.000320780418415411,2.70401535417278e-05,0.000211176301102814,2.40232412360465e-05,3.13723474018929e-05,0.000150856119376509,2.76910744849857e-05
0.000356980771362032,9.43056590696385e-05,0.00114216553268871,0.00103505789300893,3.33372242530256e-05,0.000227566211494453,2.98680146713853e-05,4.62111866917507e-05,0.000176658852910915,0.984020653942875
0.000501680782486689,9.23632897175105e-05,0.000519789156348239,0.0004480035296713,0.636071276417273,0.000229682218376216,2.90503130556584e-05,3.74949143120169e-05,0.000144288570246358,3.55405273879759e-05
0.000293592481037262,4.63946043485426e-05,0.000341350933686103,0.000304148794184136,1.81088896388567e-05,0.000155214090085771,2.03599823886427e-05,2.36286477329e-05,8.87395745327471e-05,2.07952738084977e-05
0.000387335261778168,0.000100141561171153,0.496785418940764,0.000354489035154888,3.06166115095368e-05,0.000296093565975988,2.58787475513223e-05,3.10742722018203e-05,0.000247337618087173,3.70828175891632e-05
0.00032727622248623,0.000104414414648899,0.00047438376778457,0.000305120346271398,2.03131520811597e-05,0.000270410011378506,2.01582528821284e-05,2.60085667799236e-05,0.329265580895513,2.59602801072415e-05
0.00193949386553266,5.04341818035234e-05,0.000371106891443845,0.0003132105138086,1.70190393311233e-05,0.0258239279600321,2.03542143599222e-05,2.26255756259152e-05,0.000110478435281679,2.13749418370108e-05
0.000338617127988715,4.71300131818423e-05,0.000356041099205364,0.0003266101119324,9.25734603979517e-05,0.000158687491178911,2.3401907787713e-05,4.62879637447321e-05,8.69791021177501e-05,3.55576711481494e-05
0.000342835274238897,4.60408039534469e-05,0.00170014398311446,0.00034734228362353,0.00205699104641077,0.000187547966601421,3.74233943763766e-05,5.53072276873145e-05,7.9596274089167e-05,3.684249444486e-05
0.000276493512740689,4.69590924551649e-05,0.000339844801851859,0.000300740706073403,1.80826834067245e-05,0.000151455963828971,2.04563370125579e-05,2.31202555409427e-05,8.93010434767279e-05,2.06332205516614e-05
0.000287948009858241,4.60238321441925e-05,0.000349813172545282,0.000312681870713641,1.80964881855846e-05,0.000156161342491559,2.02899835499691e-05,2.35573099523282e-05,8.4758355076833e-05,2.08423636633194e-05
0.000273773972358368,4.61253044148823e-05,0.000340231615526684,0.000315354860780744,1.81000864922242e-05,0.000158888400707926,2.05214506839005e-05,2.32004286053193e-05,8.95064730947216e-05,2.06411639555177e-05
0.000277865415810769,4.81423220563834e-05,0.000337281797963005,0.00030619312165328,1.82306819968065e-05,0.000153559120122007,1.96608896650652e-05,2.3379847037431e-05,8.83637972555847e-05,2.09242957977036e-05
0.000292472547034637,4.77333929688151e-05,0.000343782154896416,0.00030744305202022,1.82146494908502e-05,0.000153933901331011,2.01113694688676e-05,2.33199917801892e-05,8.92717300970572e-05,2.07897994598623e-05
0.0183144818789179,5.23591914771032e-05,0.000355874806556665,0.000319812661403396,2.04782748703694e-05,0.000160915470203406,2.05325000531263e-05,2.44668138799951e-05,8.42773776056901e-05,2.12592475873934e-05
0.000326244250517426,5.98155139766016e-05,0.000381779807281781,6.9633977791922e-06,0.000448724128133628,0.000164532943903219,2.46651914189564e-05,2.27215501396042e-05,8.43835739741601e-05,1.95523809001238e-05
0.000283221348650869,4.66222448355323e-05,0.000340921392099573,0.000308007081198451,1.80921858372681e-05,0.000158531577133776,2.05966573955688e-05,2.311254620361e-05,8.87719689031749e-05,2.07744247355316e-05
0.000282320200735151,4.81072645592527e-05,0.000339191336520222,0.000304383852698717,1.80859671463393e-05,0.000156943605814207,1.97107647622233e-05,2.34818643754937e-05,8.44999572295478e-05,2.0733410522165e-05
0.000276060268851409,4.65235760386058e-05,0.000346209866059699,0.000307657494748803,1.81224506715198e-05,0.00015517227734039,2.04328893386747e-05,2.33574154076671e-05,8.93071491232288e-05,2.10232469648945e-05
0.000274995927612674,4.79373996767605e-05,0.00034130189723738,0.000312206357304239,1.81171414240842e-05,0.000160798450100887,1.98053657662803e-05,2.36340490501613e-05,8.81779820941769e-05,2.08651331990108e-05
0.000556603481399236,0.000116324542029396,0.107162366711823,0.000301319830882998,3.34079035096943e-05,0.00103063947632708,2.65307852544171e-05,3.8879242375554e-05,0.000117091804325525,7.11292978009237e-05
0.000275656704895341,4.78827535518791e-05,0.000344571016763824,0.000315245143655192,1.82927128211511e-05,0.000157442523749534,1.96569434569485e-05,2.3668686847847e-05,8.49047196684533e-05,2.06735946662988e-05
0.000285428672913848,4.7002620102642e-05,0.000351383357699167,0.000302663697761022,1.83300881073504e-05,0.00015040692883208,2.04186241257748e-05,2.32989219247427e-05,8.92865399232562e-05,2.09107791740743e-05
0.000286173779140439,4.77305280410454e-05,0.000342964096459991,0.000313665217713088,1.82004748042726e-05,0.000157855767418331,1.98108392236361e-05,2.35090520630232e-05,8.87659051055979e-05,2.09737299392555e-05
0.00030130192525545,0.000131605457756861,0.00044338862883261,0.000315788701236469,2.61436361778938e-05,0.000160616232116902,2.16447881501415e-05,2.68135139248866e-05,0.000390161612493965,2.09460573192197e-05
0.000293619801565661,4.72489885179111e-05,0.000344786014018505,0.000308523792418003,1.81616284565171e-05,0.000159981947064307,2.0153214893158e-05,2.3062249890957e-05,8.96404980197177e-05,2.08110992530742e-05
0.000315186956138214,0.00111632743459263,0.000431184899946033,0.000323277692683426,3.6504808148495e-05,0.000162961620190952,0.000303121074828809,5.0702320751703e-05,0.000132875823843334,8.37154491603557e-05
0.000292608790267499,4.62644365352724e-05,0.000347111114861247,0.000317265545042168,1.80555001628732e-05,0.000155230253149115,2.02834881923791e-05,2.34762149580044e-05,8.87254215656797e-05,2.10824935936752e-05
0.000279597751969169,4.77572459121046e-05,0.000338261645708002,0.000314148511207873,1.82840926516135e-05,0.000160564523435015,2.04117746001922e-05,2.33520973807741e-05,8.91415582977753e-05,2.07277811186123e-05
0.000278727854530712,4.66880126839103e-05,0.000349740962980414,0.000303726223553235,1.83155473854327e-05,0.000150585325494809,2.02561827572728e-05,2.37044491533868e-05,8.90955173045752e-05,2.08224242496817e-05
0.000353090108355264,0.00313151698866126,0.000271412017634367,0.0018437241818247,0.000191119980382721,0.00490273818415486,3.3001806615142e-05,6.21730802550354e-05,0.00190763496459327,5.71305523339478e-05
0.00027535729837282,4.65229465492071e-05,0.000350478783945577,0.000306706488990041,1.81400633856742e-05,0.000151935138897973,2.04598528119597e-05,2.32458453708429e-05,8.61988586968163e-05,2.07333449681945e-05
0.000292761646198457,4.61534508011517e-05,0.000349281608134366,0.00030946419655508,1.81985172820834e-05,0.000150918826444898,2.04507253408908e-05,2.32399755623782e-05,8.71691688067937e-05,2.09145686867207e-05
0.000292899556801107,4.78977671852283e-05,0.000338520655089049,0.000313175051720832,1.8171958922379e-05,0.000152276500435365,1.96819024576015e-05,2.32129882270143e-05,8.53959977033691e-05,2.07713338918179e-05
0.000282379604192228,4.75396346711032e-05,0.000349213905533967,0.000314460059043791,1.81742363394555e-05,0.000157197207285146,2.06775026358689e-05,2.36140725605239e-05,8.9099631886263e-05,2.08071033631587e-05
0.000276171429395126,4.75593849160533e-05,0.000344611062718102,0.000309444004997753,1.82241500630389e-05,0.000151719927231457,1.97728893621416e-05,2.30036993277993e-05,8.52840396061143e-05,2.08430173156657e-05
0.00028434005686436,4.67108139494921e-05,0.00033686012147648,0.000315889086204909,1.81721839593412e-05,0.000153610265736479,2.00663510256082e-05,2.33616231289178e-05,8.83463369802073e-05,2.09390303359789e-05
0.000290820822066524,4.65025198198731e-05,0.000342169342636886,0.000313866129177686,1.82427621892719e-05,0.000150914034851095,2.03883962640939e-05,2.35767634011961e-05,8.77447832007201e-05,2.0915030204031e-05
0.000285497896805087,4.81828970703806e-05,0.000348328788363741,0.000306622407785151,1.81827404102825e-05,0.000154097950760665,1.99366894880342e-05,2.31799988442558e-05,8.88280434291851e-05,2.06596470736498e-05
0.000273028625651213,4.77516524486747e-05,0.000350994344632113,0.000315519457426617,1.81680404903625e-05,0.000158395578813704,1.98240837397139e-05,2.30126185719323e-05,8.5754756001955e-05,2.07478594467779e-05
0.000275583980098863,4.73591766506936e-05,0.000342681049974717,0.000317588071720962,1.82925826316262e-05,0.000154992490894525,2.05165875561341e-05,2.31492651343228e-05,8.96625904704138e-05,2.09827603720767e-05
0.000272738822241224,4.79301329624777e-05,0.000339544330272993,0.000314972114723447,1.83119737222682e-05,0.000150938858527979,2.0513731472726e-05,2.33230228858678e-05,8.71012786587244e-05,2.09592828927497e-05
0.00250782809165558,0.00018716744724562,0.000389022701243373,0.000339152817141858,0.000292099815135578,0.00018350507725567,3.97088630977961e-05,0.00019333618925584,8.85912305609594e-05,4.7774491439384e-05
0.000293774041489168,4.68071754226527e-05,0.000344005629896316,0.000316290873953917,1.81658587423381e-05,0.000155736093788507,2.01381605525123e-05,2.33313692265908e-05,8.52681497598976e-05,2.07889369133309e-05
0.0107127413363851,4.62455467947818e-05,0.000343803130267761,0.000307162420924204,1.84356013489823e-05,0.000152507501247618,2.04200816120684e-05,2.3510844880181e-05,8.6908257236527e-05,2.0679045833959e-05
0.000275108849950729,4.66051211055932e-05,0.000343200766481052,0.000303880321208142,1.80701850633711e-05,0.00015811372442276,2.05666432636807e-05,2.36378328225797e-05,8.92889564743136e-05,2.07626622465161e-05
0.0124894122221336,5.64997459957424e-05,0.000340303209657061,0.000308308372133907,1.81662947039102e-05,0.000154633424980087,2.05681646491245e-05,2.41492541361602e-05,8.8636492598973e-05,2.11267026755346e-05
0.000281550027860503,4.75757587026946e-05,0.000345785652489577,0.000314442646920642,1.8295452265687e-05,0.000159972436900525,2.04394122582292e-05,2.37451068279622e-05,8.90827196080897e-05,2.09790818885984e-05
0.00029071495190674,4.77236587739765e-05,0.000344095697608866,0.000301372532799771,1.81986536558724e-05,0.000155546802306243,2.04693953733924e-05,2.34257666566237e-05,8.73339561313632e-05,2.06366169285586e-05
0.000279635091164942,4.77189740962355e-05,0.000345240964775982,0.000313696198053848,1.81367730095262e-05,0.000159983857589454,1.96744921795121e-05,2.36337816285431e-05,8.63509693324453e-05,2.05951542526234e-05
0.000272822698863824,4.81883077956453e-05,0.000349572367973484,0.000315446834891154,1.8198432541452e-05,0.000153603079663466,2.05866008283877e-05,2.34524821061455e-05,8.65401057698641e-05,2.06146169236392e-05
0.000289843977529944,4.79641764210295e-05,0.000342740458575466,0.000300663033531567,1.82038228952689e-05,0.000156031019872711,1.98142372376916e-05,2.31911495517632e-05,8.97178926605358e-05,2.10025676525532e-05
0.000278412800783146,4.63703039695695e-05,0.000342658616292143,0.000314432560452189,1.81051084564807e-05,0.000153837900198775,2.03343122986411e-05,2.36849664764221e-05,8.84426611279468e-05,2.06874105763208e-05
0.000315784537854131,0.000142207584856427,0.000305475055364496,0.000251101599453832,2.31056021056323e-05,0.00014662689418618,4.00322572776957e-05,5.24142669674051e-05,0.000475071022440955,0.00130031020938693
0.00027984253174489,4.72254884411784e-05,0.000342248601374284,0.000301932403219088,1.83247549774119e-05,0.000157075719988664,1.97611293523943e-05,2.32918594073159e-05,8.86732533149335e-05,2.07697161593941e-05
0.000275873540454905,4.74960829569914e-05,0.000337160363507823,0.000318049717504983,1.82945556619845e-05,0.00016012218027034,2.00759731472652e-05,2.37561495106844e-05,8.84094523729767e-05,2.08807881343997e-05
0.000711679108749152,6.2984063686601e-05,0.0162482734868114,0.00033495575314518,1.93506756704012e-05,0.000778228664094284,2.83883835356838e-05,2.68666453787014e-05,0.00111958799921326,4.07464333773665e-05
0.00029443919039368,4.77536685443249e-05,0.000345852314237174,0.000313480411844269,1.83118100713601e-05,0.00015641032038117,2.04806986354378e-05,2.36000376962888e-05,8.57063311951842e-05,2.09688957404387e-05
0.00028641421199343,4.67447392413679e-05,0.000342360902931806,0.000300478408513441,1.81377959964924e-05,0.000159476244829711,2.02745136513849e-05,2.33175172543448e-05,8.77092493204688e-05,2.09613918203359e-05
0.000291271197296437,4.61111066501545e-05,0.00033940985416089,0.000303601845512582,1.80602025322208e-05,0.00015660023565888,1.99530611282729e-05,2.30459732121097e-05,8.58194398473832e-05,2.09657461276685e-05
0.000277855892937297,4.59420984418929e-05,0.000340356772012007,0.000299600634507298,1.82866932696463e-05,0.000151521405461755,2.02834702297118e-05,2.36534100300448e-05,8.43391555048268e-05,2.10631823109064e-05
0.000300472833504917,4.56817016842101e-05,0.000421106012439115,0.000311315724647761,2.51940591194397e-05,0.000153828900623544,2.03502664822167e-05,2.67326771483255e-05,0.000623322389009007,2.05511410431739e-05
0.000273991788783454,4.80556312409837e-05,0.000339677104762498,0.000309554406482128,1.82499070310149e-05,0.000155406103177601,2.05925409531555e-05,2.34293470256319e-05,8.61854949942934e-05,2.11005550810033e-05
0.000274939846459322,4.65647030205364e-05,0.000337912143249651,0.000317937634920884,1.82793182388888e-05,0.000157982328182278,2.04902874458726e-05,2.36799673938063e-05,8.45678216050806e-05,2.05997293353946e-05
0.000286087838782021,4.70079450765872e-05,0.000350549929287672,0.000310356619175083,1.81443006113603e-05,0.000154129948051738,2.01577959006359e-05,2.36521168100399e-05,8.90407836728112e-05,2.05721478984103e-05
0.000290585109466432,4.74278130095403e-05,0.000338903243697449,0.000310227617092381,1.80935966199127e-05,0.000153975096087798,2.0040125843176e-05,2.31129221572364e-05,8.76706568133295e-05,2.08669681456185e-05
0.000284572352778786,4.67545418274915e-05,0.000340580288129475,0.000314056681835927,1.82832909763397e-05,0.000160368863820104,2.03682134520721e-05,2.30361158952714e-05,8.67417481300074e-05,2.0906903690206e-05
0.000281210266658804,4.63462371395583e-05,0.000337937920979658,0.00030807685438225,1.83235511467249e-05,0.000155877660740742,2.04184840602611e-05,2.31483706756332e-05,8.75526718854426e-05,2.08904546037414e-05
0.000279261924982369,4.74944690294004e-05,0.000339701651437422,0.000300487362352515,1.82796341560883e-05,0.000157961317433468,2.04980295237287e-05,2.34081848206861e-05,8.67066751535801e-05,2.10264995069116e-05
0.000278519452614667,4.77927286145241e-05,0.000343200490053922,0.000304095590590581,1.81257730613097e-05,0.000150814298571665,2.00140680622277e-05,2.33508313462718e-05,8.84528721423676e-05,2.07483646624195e-05
0.000274824905782642,4.72284055796775e-05,0.000347797424585773,0.000307688986116368,1.83156057690698e-05,0.0001519111166592,2.05641582953853e-05,2.34250325673625e-05,8.86378081976622e-05,2.09378685173896e-05
0.000288365795663463,4.60472301545209e-05,0.000345554894839854,0.000306879078741092,1.81898964330408e-05,0.000154714601181822,2.03611543022198e-05,2.30524894218861e-05,8.77388463845803e-05,2.09673657042819e-05
0.000284287546945743,4.76148848425189e-05,0.000346757541741511,0.000308804663798475,1.80616839716011e-05,0.000157103625421225,2.00588654525744e-05,2.36204852869527e-05,8.94188357643463e-05,2.08085378364616e-05
0.000273933525689595,4.76999686305125e-05,0.000340857942554842,0.00030278479963848,1.81126299566118e-05,0.00015970421221553,1.99838246663571e-05,2.32883629014516e-05,8.68067963472911e-05,2.07742934043492e-05
0.000275905265884923,4.78044251769335e-05,0.000350365970586501,0.000309925527724873,1.80970103146275e-05,0.000153282401704225,2.04911167777295e-05,2.35561724535166e-05,8.62258374301387e-05,2.10187580271605e-05
0.00028704800146832,4.66594336592855e-05,0.000341061150739182,0.000300643710469204,1.81726441082025e-05,0.000151988295794645,2.00285992748653e-05,2.32327048487958e-05,8.95865589735617e-05,2.06615904551519e-05
0.000280507550931301,4.726182514499e-05,0.000347037039820138,0.000302430312343671,1.83070039640229e-05,0.00015455555349174,1.97875618668074e-05,2.34847650579795e-05,8.45891036823698e-05,2.08246107757844e-05
0.000284794128755001,4.77982245347354e-05,0.000338415535264012,0.000301146115606029,1.82801593234487e-05,0.000150295090501144,2.05248326006244e-05,2.31264876290798e-05,8.57168986352283e-05,2.07232044849173e-05
0.000286670313605905,4.73464714840724e-05,0.000345361314588654,0.000300138056192566,1.80758801361387e-05,0.000158442405395618,1.9701939487081e-05,2.36573423006054e-05,8.97544721136341e-05,2.10561435422655e-05
0.000278140274449302,4.70343091686778e-05,0.000340080916305347,0.000310771311178165,1.82631807225331e-05,0.000160243898329367,2.00182698158999e-05,2.35175898307124e-05,8.99187900080294e-05,2.09970024336429e-05
0.000282185280768345,4.73846721916025e-05,0.000341662046220606,0.000312423181977043,1.81553260559592e-05,0.000158114601957125,2.01219635355466e-05,2.37211197299002e-05,8.47166581803823e-05,2.0811533334536e-05
0.000274517045786191,4.81872011847777e-05,0.000344966219769665,0.000313189410394408,1.81942889296184e-05,0.000153887714676703,1.99610095315122e-05,2.32097562981637e-05,8.54500805653004e-05,2.1084810178795e-05
0.000289763074185993,4.64226734208133e-05,0.000346532990327397,0.000301142105182543,1.80879529197246e-05,0.000153038127505644,2.00015644263183e-05,2.3046241834363e-05,8.56949951026886e-05,2.09427681030048e-05
0.000272795989516064,4.67062748705395e-05,0.000348943421121359,0.000312433757001401,1.8306029797265e-05,0.000158009821360793,1.96795309643017e-05,2.35612814431013e-05,8.68404443934919e-05,2.09411225310533e-05
0.000283198827667503,4.6835261162564e-05,0.000338157099932176,0.000308199673228293,1.80584350575099e-05,0.000149604370212092,2.01868471977458e-05,2.36984003156329e-05,8.98278741706948e-05,2.07035882027563e-05
0.000273522380963056,4.81305916511044e-05,0.000351097500764317,0.000306070885474311,1.83177920865313e-05,0.000157688350286308,1.97441132897241e-05,2.36414712865124e-05,8.9568246074647e-05,2.07088176664321e-05
0.000275308618719977,4.71299177577738e-05,0.000348868673022356,0.000308382534930895,1.82283785318877e-05,0.000152061474223505,2.00150074101399e-05,2.36175675850558e-05,8.91091706711615e-05,2.06375060262887e-05
0.000289775703076742,4.66981201731806e-05,0.000343699743321151,0.000310822271083953,1.82658371118549e-05,0.000157208809922636,1.97952816897554e-05,2.31596623265059e-05,8.97092933185922e-05,2.0807252773765e-05
0.000272516534966646,4.76136675988931e-05,0.000350032180451892,0.000308425120764382,1.80730028164441e-05,0.000150561504924707,2.05356417333406e-05,2.3364566569025e-05,8.92953420010162e-05,2.11055470185449e-05
0.000287811581256209,4.7324405631069e-05,0.000341583689865752,0.000307225338525187,1.8163598139218e-05,0.000156031857699099,2.0067627105931e-05,2.36475293132085e-05,8.63872084375478e-05,2.07628436283084e-05
0.000275531233535802,4.78886217019392e-05,0.000349965997940606,0.000304642499561069,1.8127924767322e-05,0.000151482978188879,1.99324265471537e-05,2.35915795652135e-05,8.80412212843617e-05,2.09726253139651e-05
0.000293255746553146,4.5919985916618e-05,0.000345156467674011,0.000301870634251444,1.81917039557928e-05,0.00015113129592147,1.99593171344621e-05,2.33732313239091e-05,8.89642074932844e-05,2.07464201714499e-05
0.000273712741681747,4.73593408194521e-05,0.000349962269506679,0.000316310918932473,1.82540539660552e-05,0.000156551681422208,2.01992915959823e-05,2.33908771473161e-05,8.57938788795944e-05,2.07845499712365e-05
0.000292073778383961,4.61579203156909e-05,0.000340083919451165,0.000316652715707038,1.81965457877071e-05,0.000160804680174429,1.96440750649758e-05,2.35169558760514e-05,8.45803324646351e-05,2.07877645780147e-05
0.000288696875852637,4.81880700457909e-05,0.00034548824239049,0.000301236582777202,1.81731531884873e-05,0.000149849627763946,2.06205921074797e-05,2.32746439058135e-05,8.70201015468765e-05,2.07193744118934e-05
0.000285624363905106,4.6372402099253e-05,0.000348516237227596,0.000311646174473693,1.80747469310883e-05,0.00015181568758495,1.97702480146856e-05,2.30299394738224e-05,8.96590789889147e-05,2.07280567356176e-05
0.000284237078904221,4.7977791114826e-05,0.000351101947940499,0.000311727554103682,1.82802382812434e-05,0.000160594156942724,2.04462624550016e-05,2.36954943035232e-05,8.99402606010752e-05,2.0757140484915e-05
0.000283224338545296,4.71166909936693e-05,0.000346276228105698,0.000299605055067503,1.82384045007754e-05,0.00015522402490198,2.06034016072488e-05,2.30123133511806e-05,8.48401040314993e-05,2.06660619633582e-05
0.000289753908170237,4.65778769170487e-05,0.000351289803775882,0.00030993352620635,1.80843361157326e-05,0.000155864042666979,2.04838176515602e-05,2.32172142085983e-05,8.50277842199735e-05,2.08027370664265e-05
0.00029040836435729,4.62171503957707e-05,0.000347337145446952,0.000313958997026262,1.80549625381295e-05,0.00016061387874223,1.96491693528674e-05,2.35802449354875e-05,8.85463971963409e-05,2.09802276400865e-05
0.000273799388837663,4.67339674355054e-05,0.000346662366791308,0.000301024240511327,1.82976845886556e-05,0.000152876516643158,2.06406617366104e-05,2.3228992987796e-05,8.57806389413524e-05,2.07136037938921e-05
0.000290224245848924,4.74145281867467e-05,0.000349039728382986,0.00030201236519141,1.82345597245342e-05,0.000160244935039094,1.96958446173158e-05,2.31152398178715e-05,8.9684491335474e-05,2.08952411410707e-05
0.000291546814650792,4.66036075029238e-05,0.000346154835907641,0.000305977357350294,1.81744802047232e-05,0.000154397123116416,1.96827729711547e-05,2.35327050881327e-05,8.63258645455738e-05,2.07144872437383e-05
0.000289548406826912,4.63251289779245e-05,0.000346128694103396,0.000301622198020219,1.82244077466332e-05,0.000160483746924443,2.02778217010715e-05,2.37543873807831e-05,8.48522927783376e-05,2.06859223887682e-05
0.000286530657811413,4.67108443503558e-05,0.000337421112054293,0.000318263480369362,1.83307949803499e-05,0.000155099295614662,1.97585633443373e-05,2.36061110225878e-05,8.71038654294783e-05,2.07553134932469e-05
0.000285158447757739,4.73392389919561e-05,0.000340043137514011,0.000303986116702686,1.82420150790741e-05,0.00015406947870224,1.99765979290328e-05,2.31172387828085e-05,8.43078690483313e-05,2.09257688659302e-05
0.000286424082286324,4.81296305023516e-05,0.000347385954433896,0.000306828220939424,1.81494321906215e-05,0.000152809412600437,2.05263791395337e-05,2.37378087563792e-05,8.44086523259602e-05,2.06165043714027e-05
0.000277695908998721,4.72733241831208e-05,0.000337336381155563,0.000300847566687816,1.80713815920547e-05,0.000152204036954634,2.05984739599247e-05,2.29894770722002e-05,8.81842856161101e-05,2.07355937263166e-05
0.000281153288923545,4.61050332468396e-05,0.000345846083158863,0.000314458612576117,1.82311885270944e-05,0.000150480342700547,2.01965588879769e-05,2.33150945707182e-05,8.59114609155238e-05,2.06946827809262e-05
0.000283528417618062,4.76757306123047e-05,0.00033928041658298,0.000301830609690803,1.81537885240441e-05,0.000153699798849791,2.06010800705945e-05,2.33848790409285e-05,8.50117897804668e-05,2.05744808235494e-05
0.000276655521531884,4.79082059453773e-05,0.000345834739737256,0.000301255550930743,1.8267889982178e-05,0.000151529248975028,2.01256653755566e-05,2.32768623662267e-05,8.67397306549645e-05,2.06194392360176e-05
0.000284630510234496,4.62979045011491e-05,0.000348334634439534,0.000303063195977193,1.80809847614815e-05,0.000154971121093365,1.965357710896e-05,2.34972384397018e-05,8.72783873762088e-05,2.10022093943249e-05
0.000277996661815766,4.77205430704564e-05,0.000346144759178298,0.000318400636421896,1.81150466484781e-05,0.00016079415382212,2.01139987785196e-05,2.30866861040755e-05,8.7392936096994e-05,2.10865536792202e-05
0.000289342211132051,4.73834154377109e-05,0.000351132126273813,0.000312059233436937,1.81908054380885e-05,0.000156368993755459,2.0519559690151e-05,2.33687443586638e-05,8.5129536817353e-05,2.09857187725725e-05
0.00029003898578841,4.7394213878196e-05,0.000349307171912616,0.000302321954577747,1.8108812059499e-05,0.000151191848272623,2.00034175115785e-05,2.34622978263182e-05,8.85190814753165e-05,2.08225111997103e-05
0.00027871427671216,4.61633756854813e-05,0.000338303245170148,0.000312747480998163,1.82729005941988e-05,0.000151267953649102,2.02291357539012e-05,2.32154645432652e-05,8.9000318844004e-05,2.09802843895123e-05
0.000282066179556485,4.74515439967924e-05,0.000341523698775157,0.000315709811887686,1.82767065252121e-05,0.000160152627650214,2.02496861587345e-05,2.37514057622153e-05,8.53553902375016e-05,2.07536686536982e-05
0.00028780662673209,4.66444472483651e-05,0.000348223905199379,0.000312425505646987,1.83196276749926e-05,0.000153868737891834,2.04736194405164e-05,2.30874699330796e-05,8.77246359122678e-05,2.07919440665009e-05
0.00028570223487078,4.66721052270842e-05,0.000349508315015408,0.000302543214884964,1.82534557986378e-05,0.000153384112968161,2.06403812594562e-05,2.35959482459674e-05,8.91858951004067e-05,2.09126805637238e-05
0.000336012732291432,6.96598047393847e-05,0.000452752739219759,0.000255977402009863,0.000110449745598854,0.000212652176313528,3.17304513038164e-05,0.000672112018034318,8.75795051197675e-05,4.86351927168329e-05
0.000294275761582149,4.60940538137125e-05,0.000341115304217795,0.000301869926388037,1.82467577835043e-05,0.000155145937782693,1.98335631239646e-05,2.31652939096711e-05,8.86232051855168e-05,2.06404820443258e-05
0.000285960392729311,4.79138870700286e-05,0.000340991304875433,0.000317844752717302,1.8185916451572e-05,0.000152613417251062,2.04462034442382e-05,2.35241070816031e-05,8.61287008395659e-05,2.0882347733993e-05
0.000273290882923353,4.80045189296643e-05,0.000339962449802408,0.000301910600291734,1.83253173891036e-05,0.000152454673005588,2.0613909156767e-05,2.34234846854009e-05,8.51574130146339e-05,2.07128921120271e-05
0.000289783630667192,4.68957964332068e-05,0.000347328866192616,0.000302828896298366,1.81836287307493e-05,0.000155928228272622,2.02611740076157e-05,2.30040880733023e-05,8.67328772263775e-05,2.09940690814183e-05
0.000283193856837175,4.80509289411919e-05,0.000343833640298932,0.000304899879250076,1.81980225970952e-05,0.000158735873807862,2.06335684381934e-05,2.35572125441231e-05,8.58727533619337e-05,2.08014981827789e-05
0.000276239110895196,4.63108977784776e-05,0.000342820998423169,0.000303264222584141,1.81670844193829e-05,0.000149893264294506,1.97400164809556e-05,2.32149814481487e-05,8.86222150453516e-05,2.07618985101692e-05
0.000292653054384581,4.62724286603693e-05,0.000351378096049135,0.000301947987281824,1.82665288250877e-05,0.000159038228756065,2.04036658770694e-05,2.30133941987423e-05,8.5708160862834e-05,2.05764527395917e-05
0.000273818891651062,4.70796204429817e-05,0.000341721824308519,0.000304432182585344,1.81834731707599e-05,0.00015409169427109,1.98394476572457e-05,2.34223424836837e-05,8.62955811735329e-05,2.08535880944707e-05
0.00029371571924497,4.8094642767549e-05,0.000342763645568458,0.000313292008099585,1.81782856501849e-05,0.000149974058946613,2.01406809653498e-05,2.34290194575883e-05,8.83603879570698e-05,2.08128065501881e-05
0.00029260409722742,4.70630780918452e-05,0.00035133656168219,0.00030866665926544,1.80927383446937e-05,0.000155095597089304,2.00979579131808e-05,2.31868442819411e-05,8.93615859636901e-05,2.099536636606e-05
0.000285374043280602,4.59029738221629e-05,0.0003459815855816,0.000309129799168392,1.82421209420475e-05,0.00015856467564321,2.00731335659275e-05,2.35116371227696e-05,8.93814531851468e-05,2.08097283527824e-05
0.000278687556516005,4.77426027423797e-05,0.00033691536808868,0.000305936713411141,1.80806227479344e-05,0.000158709237545762,2.06386205423676e-05,2.30826638760578e-05,8.90419517785998e-05,2.10043064590358e-05
0.000284306551423726,4.62094698858148e-05,0.00033995278818413,0.000318529040909816,1.82910508948992e-05,0.000160071436700313,2.05734445368675e-05,2.34741330888132e-05,8.42540005754368e-05,2.08048703677928e-05
0.000286498585785329,4.72512622032405e-05,0.000344322992999738,0.000301969509635207,1.80997397292728e-05,0.000159424289655389,1.9912109193349e-05,2.30699425145809e-05,8.54279072659686e-05,2.09828759429233e-05
0.000289962464004792,4.74880972481329e-05,0.000344439392674754,0.000299467462802248,1.81338988031326e-05,0.000156443427286005,2.06534741061245e-05,2.3358548741109e-05,8.97820802090252e-05,2.0853827176234e-05
0.000291156499144312,4.68505577741672e-05,0.000344330697930445,0.00031699619452677,1.81093511977403e-05,0.000155287504879555,1.96635927709218e-05,2.3196125400127e-05,8.79694545550849e-05,2.10155408914995e-05
0.000281335009842208,4.62872990754417e-05,0.000342267361639361,0.000305844435338267,1.82106413539116e-05,0.00015904565204222,1.97221009234802e-05,2.30979237176071e-05,8.54084214250422e-05,2.09471629949972e-05
0.000285365013263718,4.75979462152182e-05,0.000340354220013779,0.000303239898974935,1.82423246404743e-05,0.000153884472457561,2.03243053629519e-05,2.3722876898212e-05,8.42651175186752e-05,2.10647841121687e-05
0.000272063991651495,4.67712494276817e-05,0.000338576705403084,0.000299837901595263,1.82344120847646e-05,0.000152752781395298,1.99165846974916e-05,2.31071986971098e-05,8.95461867713317e-05,2.0724830702685e-05
0.000288010864435578,4.69807558876675e-05,0.000351384132308073,0.000305798288879276,1.81585292530255e-05,0.000153279550431101,2.05645116752129e-05,2.33855621898105e-05,8.60604108467687e-05,2.09911615055743e-05
0.000286277371804741,4.64883796753427e-05,0.000348987288224019,0.000312091305048676,1.82099951835954e-05,0.000157931030569783,1.98445847034755e-05,2.32174378756547e-05,8.63198342969879e-05,2.08932141211712e-05
0.000290053044223624,4.59401863148541e-05,0.000337661105577951,0.000305918854078008,1.81634285227871e-05,0.000154143555927346,2.02819090183279e-05,2.33195472305388e-05,8.82014872807065e-05,2.06007358601902e-05
0.00028996133512477,4.66577103767784e-05,0.000349619365326586,0.000315078403955817,1.80707722086891e-05,0.000154768105386041,2.06708170568782e-05,2.3751869109217e-05,8.61248094680111e-05,2.10965350861014e-05
0.000273260312744666,4.7119066352625e-05,0.000341993650666444,0.000315190443869121,1.82111886092837e-05,0.000150716033180461,1.9927052674933e-05,2.34975068022207e-05,8.98795911916439e-05,2.08057743815514e-05
0.00029424558237763,4.75011383294691e-05,0.000346252739859968,0.000315652064073917,1.82957093488052e-05,0.000156628043710823,2.05951996148653e-05,2.37412915941493e-05,8.4555317586025e-05,2.07804752314227e-05
0.000287922886848928,4.67969265631939e-05,0.000350304571090085,0.000305937864162671,1.81016814723781e-05,0.000159343088647997,2.02690450453673e-05,2.37267989072314e-05,8.65388403854471e-05,2.109956861936e-05
0.000286455250953946,4.72505325755658e-05,0.000342515754164707,0.000308746759901635,1.81164003240791e-05,0.000154026363826072,2.04101183850852e-05,2.32204896019928e-05,8.93359355156214e-05,2.0679364756016e-05
0.000276557301917682,4.73024095443617e-05,0.000348392870012359,0.00031491319725263,1.81206150996816e-05,0.000155438387297285,2.00456653005794e-05,2.34013255504304e-05,8.5850622798515e-05,2.08083315918263e-05
0.000273699315621813,4.62750760595069e-05,0.000351276313952204,0.000312905624686259,1.81305441230188e-05,0.000157936071681039,1.97550015152229e-05,2.33379401614025e-05,8.56821036198693e-05,2.07408725232675e-05
0.000276546245739123,4.60837159470932e-05,0.000337116188814378,0.000318232096940777,1.8137295184899e-05,0.000154762357850761,1.97310061902344e-05,2.30327139076101e-05,8.88784503818249e-05,2.10579611714695e-05
0.000278270782476797,4.78482382516042e-05,0.000347637424571326,0.000309589121493189,1.83013507515644e-05,0.000150981959947057,2.04925012704229e-05,2.34447416466482e-05,8.986195983797e-05,2.05633413887178e-05
0.000274988056905845,4.7347261800012e-05,0.000348434919672327,0.000316843596869753,1.82977720709088e-05,0.000160601707117963,1.96956621278124e-05,2.30793991205327e-05,8.47978251206e-05,2.10246374670342e-05
0.000288891649274954,4.63656002582756e-05,0.000339180017708172,0.000318458809535924,1.80805037410056e-05,0.000155393482436397,2.03649267900197e-05,2.30254765328274e-05,8.64738041126671e-05,2.10881889815535e-05
0.000289028328408768,4.82103204306294e-05,0.000349228240595096,0.00030228593762261,1.82205155326257e-05,0.000150987638002155,1.97430833391727e-05,2.3036612907389e-05,8.63655483091002e-05,2.08737211130064e-05
0.000292377887205237,4.61646947536556e-05,0.000342696794420836,0.000304551149895361,1.82119490705104e-05,0.000154672405283959,1.970056634948e-05,2.31378071744325e-05,8.59342472490934e-05,2.10397906015234e-05
0.000272443359510106,4.77123757568812e-05,0.000337689814853797,0.000309446846123329,1.8311888117509e-05,0.000157551288282108,1.97798759672749e-05,2.36335345596849e-05,8.4739804894009e-05,2.07155358603366e-05
0.000290037275878676,4.63567854574036e-05,0.00034733647229101,0.000314336117433989,1.831241707359e-05,0.000151662542961658,2.03443818542747e-05,2.326859287081e-05,8.96671549073568e-05,2.08510417536823e-05
0.000289307680660536,4.7267554322761e-05,0.000346362129440924,0.000303436980366888,1.80940935511703e-05,0.00015374312864486,2.01614402892689e-05,2.31489925129036e-05,8.5630421703122e-05,2.10883423885075e-05
0.000276127002296611,4.80270108129898e-05,0.000350344430765749,0.000308940908118006,1.8076465228209e-05,0.000154525425561156,2.04785277031621e-05,2.37485787144014e-05,8.60802502095271e-05,2.08055205096631e-05
0.000286783331167051,4.68338435439706e-05,0.000340220068389085,0.000312336011320339,1.81942938818744e-05,0.000160790771100807,2.05468437363959e-05,2.37110785034386e-05,8.51146030105464e-05,2.07176792675271e-05
0.000278148260488148,4.78854917633994e-05,0.000349996726720569,0.000300226324244966,1.8064795254591e-05,0.000157117065819525,2.06813094418109e-05,2.33460109858907e-05,8.9543351061451e-05,2.06202770172507e-05
0.000283963598445318,4.72260659811702e-05,0.000340090565127099,0.000310714767831074,1.80512557158668e-05,0.000152397474011702,2.03378719774783e-05,2.36421173890356e-05,8.79164590157203e-05,2.0873352154372e-05
0.000292895663998113,4.68688620364983e-05,0.000348863342252596,0.000305206640686692,1.81252055948852e-05,0.000152433281174844,2.05131366502612e-05,2.30732585107482e-05,8.90943065160274e-05,2.08151562944964e-05
0.000290549226385869,4.77448365795567e-05,0.000346553048163427,0.000316236258882697,1.81140393083339e-05,0.000152493861979879,1.98331247356744e-05,2.30630939397449e-05,8.43959061159389e-05,2.06557707359147e-05
0.00028964735941894,4.7376282885472e-05,0.000343620298359984,0.000301476703020381,1.82273326288075e-05,0.000150093459965445,2.06634419207109e-05,2.34710936022954e-05,8.72284241663669e-05,2.06141627830767e-05
0.000284342442532568,4.64782987019519e-05,0.000343315662235517,0.000317321342199606,1.81700011248256e-05,0.000154657550407969,1.99003284512122e-05,2.34800596255326e-05,8.98864762617969e-05,2.0765257966311e-05
0.000289554419418233,4.76320432333408e-05,0.000339001076772288,0.000303441013268761,1.8113998042139e-05,0.000160119179894263,2.06379152521761e-05,2.31195991671654e-05,8.47232482439389e-05,2.08363529056151e-05
0.000277290326975317,4.71226742949131e-05,0.000343473651279137,0.00031036261358587,1.82938414539813e-05,0.000153591003941687,1.98602388429695e-05,2.36250109188815e-05,8.81618108594318e-05,2.06543618179544e-05
0.000289321480059301,4.68221868697817e-05,0.000345439096708111,0.000306824743276431,1.82189809454876e-05,0.000156743258629105,2.03921985304691e-05,2.3198433893739e-05,8.49580613566484e-05,2.08271752851694e-05
0.000324807524070297,4.63090582027451e-05,0.000355925468670421,0.000306220726154244,0.000137938392281582,0.00015735699139866,2.28998557904091e-05,2.30349698587473e-05,8.97581869369973e-05,2.05327131855926e-05
0.000284688645627231,4.70211839922214e-05,0.000340274547752899,0.000308009627430291,1.81637768974245e-05,0.000152092341763201,2.06462794478745e-05,2.37258461866436e-05,8.72137336365282e-05,2.09535974258374e-05
0.000287932503850694,4.79117188329143e-05,0.000349451778308493,0.000302604785797287,1.82205949163427e-05,0.00015087611809262,2.00998273453872e-05,2.35145812256558e-05,8.47142027060632e-05,2.10934696864482e-05
0.000310951615850432,4.63437045790957e-05,0.000368736339111657,0.000286807097304042,1.72058050328244e-05,0.261154255474164,1.93811075398528e-05,2.10751374211334e-05,9.21629333615214e-05,1.96731409754003e-05
0.000281679915812868,4.72475054560746e-05,0.000342606646243575,0.000314070612782255,1.82427803078534e-05,0.00015855290111367,2.06681499092466e-05,2.34367487382763e-05,8.69071152039703e-05,2.08788583248565e-05
0.000275322818438981,4.77782613292406e-05,0.00034903940935095,0.000303906982259226,1.81683468759111e-05,0.000152842866676889,2.04954841196214e-05,2.36391604411336e-05,8.84346674807407e-05,2.10570061080861e-05
0.000282954433373734,4.6956438051689e-05,0.000341644338258128,0.00030867999079385,1.82022467810337e-05,0.000155423273431912,2.00461225846108e-05,2.35472087898285e-05,8.96076091487094e-05,2.06118613454041e-05
0.000283941601790421,4.76238055601551e-05,0.000345284229751202,0.00031547402902155,1.80508203448668e-05,0.000151064323475742,2.06190070445852e-05,2.35210526898754e-05,8.90730861879901e-05,2.10496269775377e-05
0.000281739998051177,4.61470358922059e-05,0.000342244118896128,0.00030199384421655,1.80670415084523e-05,0.00015070801560319,2.024800208869e-05,2.31677547976438e-05,8.48073411607085e-05,2.0653034272399e-05
0.000282351434076214,4.65249413359155e-05,0.000342730872187372,0.000316118032365079,1.83210147666225e-05,0.000159895226514819,1.96492024746593e-05,2.31387960508102e-05,8.46525685149176e-05,2.102089969777e-05
0.000280788478250874,4.78485713333643e-05,0.000340772092873941,0.000302589247129518,1.81964132435317e-05,0.000153340664012687,1.97146732179756e-05,2.36238053524806e-05,8.92384628591104e-05,2.09818533013988e-05
0.000282962191514701,4.77230795660752e-05,0.000339825995080818,0.000314470269614826,1.81697725042155e-05,0.000157295016721356,2.06297985714058e-05,2.37290331232364e-05,8.5266222460063e-05,2.06303004675526e-05
0.000286988961057407,4.61182379802771e-05,0.000339795811144282,0.00031604294519758,1.83233964467478e-05,0.000160636527518446,2.03761150044284e-05,2.36340163716204e-05,8.54346372488981e-05,2.08811802658805e-05
0.000276253575666002,4.62770150029266e-05,0.00034394728305212,0.000317410243599894,1.82614206943769e-05,0.000157680729993238,2.06022734164678e-05,2.35761873847246e-05,8.76173677913657e-05,2.08515399348352e-05
0.000283032399402622,4.81251739791755e-05,0.000349968338270561,0.000305113455356936,1.81615868752744e-05,0.00015956672561591,2.0330632148666e-05,2.31629553257697e-05,8.96459568186325e-05,2.09994488617675e-05
0.000282921163399337,4.80179447466873e-05,0.000337498132856348,0.000305606569648528,1.81637771136299e-05,0.000151519962117699,2.00387823968623e-05,2.299972032892e-05,8.47950674195767e-05,2.08457705271557e-05
0.000276935297028106,4.64855244643401e-05,0.000344772670642049,0.000312242613495508,1.82269936914752e-05,0.000153913994403031,2.04411221588429e-05,2.36852525823867e-05,8.44305717993718e-05,2.06419502573043e-05
0.000278443453289777,4.74932034524024e-05,0.000339865314237496,0.000305331290708599,1.80759794468995e-05,0.000154774849112776,2.01331853531824e-05,2.34176754675919e-05,8.79199261012731e-05,2.07299467660895e-05
0.000289804578484581,4.64730547091499e-05,0.00035057313794265,0.000307882251628214,1.8259264772222e-05,0.000149778318836091,1.98956916756404e-05,2.34052773158386e-05,8.85896848171525e-05,2.07451029057041e-05
0.000293925827396524,4.70921027591605e-05,0.000336997491508542,0.000308390752877009,1.81562307028383e-05,0.00015538258888019,2.00177706830981e-05,2.36729272446144e-05,8.98612073577736e-05,2.06583276803108e-05
0.000289328523976788,4.67275577140662e-05,0.000342015114861839,0.000318401932635063,1.83002040082236e-05,0.000154117975233902,2.05172619364607e-05,2.32452223679226e-05,8.43936285983457e-05,2.09012398804708e-05
0.000292575053838608,4.71146624502936e-05,0.000347258864640823,0.000309268364568169,1.81578839357848e-05,0.000159195433129045,2.04788857941317e-05,2.34823212240707e-05,8.79472745109728e-05,2.07854573269895e-05
0.000273758973612086,4.68402182853676e-05,0.000345086691359595,0.000316119616295789,1.81253791135469e-05,0.000157447940092937,2.01999276825141e-05,2.30470871675108e-05,8.6950748159247e-05,2.05934348322184e-05
0.000288650673059343,4.72097513606024e-05,0.000337028541910566,0.000314246161767134,1.81437767263892e-05,0.00016061822614533,2.00553137312338e-05,2.3368629273815e-05,8.5880202219228e-05,2.07396528249521e-05
0.000287256122412567,4.70342065608814e-05,0.000344874138372214,0.000300484405095668,1.82715072177984e-05,0.00015030991985577,1.97431406311376e-05,2.32608033259334e-05,8.91094458173994e-05,2.09169047322485e-05
0.000279898995748274,4.81920643963071e-05,0.000338740208855873,0.000318708006398607,1.81564933177252e-05,0.000156096750908805,2.01332698305187e-05,2.33493172873829e-05,8.85387070807493e-05,2.07332648691305e-05
0.000291076024818295,4.77664721600386e-05,0.000344916824407343,0.000301802950313676,1.82405050137401e-05,0.000150661483574624,2.04393553325174e-05,2.32554869650671e-05,8.46398427975147e-05,2.10282635646088e-05
0.000281346675165169,4.73180886135027e-05,0.000347659404495266,0.000306627397506331,1.82358718773377e-05,0.000153689646792744,1.98531668282575e-05,2.32150056810478e-05,8.99112831568484e-05,2.09211843965673e-05
0.000284744835286199,4.70306808319044e-05,0.000348856711289827,0.000308353287071169,1.83210195889588e-05,0.000154830699131461,1.99413331411187e-05,2.34850600773621e-05,8.762111431648e-05,2.0981965479469e-05
0.000282292271708188,4.65174354243585e-05,0.00035109705615543,0.000301846504030245,1.82522279579232e-05,0.000159193600316685,2.06589136716098e-05,2.35030127646594e-05,8.45247266216158e-05,2.07850270954223e-05
0.000294406708124341,4.79281840556049e-05,0.000340573543188971,0.000304323753228289,1.82142976898204e-05,0.000151465738497388,2.0219307694456e-05,2.34625243843328e-05,8.65874441615158e-05,2.10696130110423e-05
0.000818319502545157,6.05684294167029e-05,0.000366526727291591,0.000313660719733357,1.97197561868524e-05,0.00105473059388804,2.09232522099872e-05,2.29623115505202e-05,0.000109483431321811,2.14454285105294e-05
0.000429581205370944,6.85216752453506e-05,0.000338691633877645,0.000330907879488121,2.11393182513042e-05,0.000159486884735616,2.49703762288209e-05,3.23580098674288e-05,0.00012161852004995,0.000335972466209273
0.00029053963383342,4.6402661871527e-05,0.000351432302028313,0.000306834227152489,1.81243789112757e-05,0.000156422648143472,2.06488351017199e-05,2.31634815513485e-05,8.76340667813382e-05,2.06338308622681e-05
0.000290861002176565,4.70185150565841e-05,0.000337778100304821,0.000312334151979377,1.81332350109699e-05,0.00015946291316988,2.02897905830447e-05,2.31961246408017e-05,8.84948570248603e-05,2.10518544695542e-05
0.000287087850772754,4.63345407460072e-05,0.000338364137093874,0.000312854294707701,1.81643787266947e-05,0.000155304648896402,1.99825806623291e-05,2.3589944487249e-05,8.6125403955621e-05,2.10144760626599e-05
0.00028039463317383,4.8024230342268e-05,0.000349668978711659,0.000307053867334543,1.82765917668358e-05,0.000159575909396989,2.00446918133168e-05,2.36907199829791e-05,8.96238982296353e-05,2.07707007515848e-05
0.00027792447960126,4.68938449674949e-05,0.00033982623333936,0.000301800033671971,1.81186640280391e-05,0.00015469319307131,1.99245454872932e-05,2.3423643153636e-05,8.85320874429629e-05,2.10168293852435e-05
0.000294515352353367,4.67445087658128e-05,0.000342067012094752,0.000304886445528712,1.82604455077241e-05,0.000150890323363768,2.00955299429142e-05,2.32340146447891e-05,8.50456598786493e-05,2.09328653454451e-05
0.000283694875531857,4.6572356950769e-05,0.000341779866809048,0.000307034122130463,1.82252686662776e-05,0.000151963047381457,1.96909267844726e-05,2.35293518112912e-05,8.59553659158782e-05,2.10356322550327e-05
0.000283278196772244,4.76503891406296e-05,0.00034671976851167,0.000311507930647908,1.81381760053489e-05,0.000158951648935045,1.99902938880803e-05,2.3693604870193e-05,8.80995723006303e-05,2.07008111881405e-05
0.000288606245726123,4.81149815964703e-05,0.000350626452573222,0.000303508786385275,1.82495051511797e-05,0.000149545103353961,2.05012693362913e-05,2.3244777389362e-05,8.47914255395408e-05,2.09226181885355e-05
0.000289420796678473,4.71338481001596e-05,0.000344224452557281,0.000302773908006713,1.83273801378497e-05,0.000149960017182634,2.00886753259824e-05,2.31024786996915e-05,8.49329161329818e-05,2.0587004353819e-05
0.000275218548100703,4.70010025034149e-05,0.00034236030729431,0.000309589239468516,1.82172177712305e-05,0.000160254375702577,2.02173569349327e-05,2.34662783672137e-05,8.63644880344546e-05,2.05868850986133e-05
0.000272573501310425,4.77327030110696e-05,0.000344478991280332,0.000309886683479615,1.82591929325684e-05,0.000149535841287434,2.00954502508721e-05,2.37654240729418e-05,8.6249958497848e-05,2.06948705511649e-05
0.000276695764540706,4.61913186554464e-05,0.000350695348909302,0.000307705778245385,1.81743804994271e-05,0.000160215242120905,2.06366123949691e-05,2.37266320111437e-05,8.46418810160281e-05,2.11014264841351e-05
0.000275029482562599,4.71121946291449e-05,0.000348462859400401,0.000310871764340218,1.82747169287817e-05,0.000157065118389183,2.00925458216998e-05,2.34543772011204e-05,8.90178783143452e-05,2.10161103388576e-05
0.000272327618761524,4.76956985091403e-05,0.000342934606275629,0.00030280378217336,1.81419499120689e-05,0.0001599570991296,1.97291800862878e-05,2.34491531991765e-05,8.96523061819981e-05,2.07645590750091e-05
0.00028363175382245,4.72787667917422e-05,0.000349387324325129,0.000304161806027062,1.82626440509151e-05,0.000151399635327963,2.01376925793293e-05,2.34780480111637e-05,8.48303167097187e-05,2.07083563133781e-05
0.000274834869721048,4.75825100626561e-05,0.000344073282188205,0.000315964552604652,1.82055736896236e-05,0.000149532749213433,2.0610578483823e-05,2.36379701908541e-05,8.93414168165829e-05,2.07337965553298e-05
0.000296068283752153,0.000122758851556851,0.0360775413954517,0.000305786702021712,2.21119118963359e-05,0.000151102384513064,2.39817800566305e-05,2.50390465614334e-05,0.000147661052254891,2.56307954865716e-05
0.000274577124339223,4.77099351105224e-05,0.000342447848641498,0.000314101997830012,1.82576868821338e-05,0.000158218816711695,2.05922343081e-05,2.30503804361046e-05,8.49516072364955e-05,2.09081005207906e-05
0.000313258766820433,6.90608556545138e-05,0.000565052211436266,0.000327997401330454,0.000141875780745426,0.000158506938439922,2.86980254869685e-05,4.22766789672108e-05,8.5146314518019e-05,4.81405458140741e-05
0.000276631162461291,4.73459271551297e-05,0.000336912275022858,0.000309622529989612,1.82055738764458e-05,0.000154193255527731,2.03791540986731e-05,2.31514066605474e-05,8.72806449964373e-05,2.08546643354926e-05
0.000276866791018041,4.66753551554688e-05,0.000338927181676187,0.000309928009861307,1.80913262897162e-05,0.000157894644735588,2.03626520341298e-05,2.30807827296151e-05,8.49307437199823e-05,2.05807003090085e-05
0.000282612360714796,4.68855899234646e-05,0.000337986123909711,0.00030720169259158,1.8166276992204e-05,0.00015841034275278,2.05378683442092e-05,2.34195247293168e-05,8.79800043724639e-05,2.0671411051773e-05
0.000294362909688014,4.77379827314479e-05,0.000347538852717429,0.000311683377128872,1.82908450717999e-05,0.000156751088528419,1.996359814717e-05,2.31392761663904e-05,8.73556234861736e-05,2.09419774663584e-05
0.00029211638187988,4.81364826696472e-05,0.00034280548145072,0.000304343492940347,1.81114122756965e-05,0.000157112157810321,2.05868229544677e-05,2.32505089527693e-05,8.93537324614904e-05,2.0752563526012e-05
0.000210726449468927,3.09308127909178e-05,0.221938049771953,0.271555694003539,1.37451925384174e-05,0.00013101120410168,1.58330461342417e-05,1.93702035596887e-05,6.75156872261755e-05,1.82855890795695e-05
0.000462128087799224,7.3680196832901e-05,0.000323675603370424,0.292883410278768,2.2994510773863e-05,0.000142194302019714,2.01332697710898e-05,2.57020133704354e-05,9.36616192649499e-05,2.18692228553494e-05
0.000282185418564666,4.68190423222829e-05,0.000342474166672215,0.000311209193105547,1.8057674796877e-05,0.000150852484196436,1.98155752402046e-05,2.30527481586706e-05,8.57248395492581e-05,2.0800842275099e-05
0.000274573743952136,4.69255426857683e-05,0.000338701296233895,0.000305598066697798,1.82148785433833e-05,0.000154018588310551,1.98680760429309e-05,2.36896187894183e-05,8.54231766304e-05,2.09054421602379e-05
0.000287676034856356,4.64984777856156e-05,0.000350886344942734,0.000304340849090316,1.83152026842867e-05,0.000154414188565145,2.04128360086334e-05,2.31195704542076e-05,8.5596566124447e-05,2.05771546569406e-05
0.00123756817100937,4.72739084836555e-05,0.000345255318740971,0.000317040040552568,1.82059220289652e-05,0.000154173877589785,2.29977331565321e-05,2.35807709162421e-05,8.1600327020191e-05,2.82201593040849e-05
0.000274250712598419,4.64530977808965e-05,0.000342420846439449,0.000316387205550231,1.83296911066131e-05,0.000154345988672749,2.0568606792755e-05,2.35670316687242e-05,8.74835564173086e-05,2.10426515122199e-05
0.000291730411641468,4.75977287296432e-05,0.000340724827509503,0.000302182571470251,1.82594298777036e-05,0.000154246124689092,2.04141886342514e-05,2.31787575416761e-05,8.47581366329159e-05,2.10707582596924e-05
0.000288137168534097,4.7977269597404e-05,0.000350364793685915,0.000306170451120885,1.8194644280005e-05,0.000153752758485979,2.02322587452879e-05,2.32544687096343e-05,8.56650699260447e-05,2.09314331125032e-05
0.000278541618218195,4.69725231058763e-05,0.000345444469620569,0.000317957996506967,1.82618288628892e-05,0.000158560308068084,1.98157949234705e-05,2.31309467252305e-05,8.45490984293612e-05,2.10969611769881e-05
0.000272660645811352,4.63275194314461e-05,0.000337094187256183,0.000314275701805478,1.81806777507649e-05,0.000159839899334848,2.06115215273639e-05,2.31820586799225e-05,8.90530448584529e-05,2.09901558859352e-05
0.000285601164151793,4.74788674299389e-05,0.000337936374442308,0.000304451387843731,1.83014889881786e-05,0.000159440807616428,2.02999668298205e-05,2.33906834051528e-05,8.96327752908372e-05,2.1057053341167e-05
0.000279485342665349,4.75541818206125e-05,0.000350165851820907,0.000306079375526976,1.80639685539233e-05,0.000154715926446774,2.02442881808643e-05,2.36395481231616e-05,8.55641020477016e-05,2.05851529737823e-05
0.000279583526453295,4.75788539568075e-05,0.000342524550916037,0.000308312414174719,1.8321528644616e-05,0.000150012831523389,1.9845433546159e-05,2.363286240912e-05,8.57766248014088e-05,2.07611210071643e-05
0.000272236583412414,4.66014064087695e-05,0.000348069858170334,0.000303353187087703,1.80780043349652e-05,0.000150304293421425,2.02251024557139e-05,2.29970429089337e-05,8.62358545427109e-05,2.05690990280835e-05
0.000288516157733141,4.67458341352977e-05,0.000349726145120056,0.000318102817501817,1.81290803730558e-05,0.000156819549635914,1.98285226264492e-05,2.31693816472093e-05,8.62209359793776e-05,2.09772585318888e-05
0.000290239495204755,4.7805624300852e-05,0.000339823558683238,0.000316068018465946,1.82556056120462e-05,0.000160493188063966,2.05423054522626e-05,2.36067541021761e-05,8.52131030084046e-05,2.08144953643563e-05
0.000281027780792397,4.78739650428976e-05,0.000339794441316843,0.000310647316246009,1.83167511171107e-05,0.000151343883871991,1.98939161526099e-05,2.30869416380613e-05,8.56020898920593e-05,2.09777474160206e-05
0.000280185121943385,4.7473896078869e-05,0.000338548184682656,0.000306670292615552,1.8083016329365e-05,0.000151129023597044,2.00265377183386e-05,2.34116122695847e-05,8.82570259146337e-05,2.07326728032918e-05
0.000284830884394635,4.77717084145466e-05,0.000347942458593295,0.000307963600796412,1.83269279138381e-05,0.000152000734630212,1.97125005786362e-05,2.36140538833876e-05,8.55346308258476e-05,2.10003058043798e-05
0.000284361675174958,4.69803130585139e-05,0.000339300344032932,0.000315000424731597,1.80618213244053e-05,0.000156291805696188,2.0180530583457e-05,2.32683266627381e-05,8.45234642839634e-05,2.06610002188319e-05
0.000277810961527588,4.6394141361404e-05,0.000342748351293146,0.000300214115420367,1.83194406037021e-05,0.000153830252012941,2.04499501995087e-05,2.34111204016535e-05,8.7170873553836e-05,2.06717929353674e-05
0.000290731090526428,4.79616721482027e-05,0.000351489681763868,0.000309037507417906,1.81677262936114e-05,0.000154114046805178,2.02000590239976e-05,2.32923196990388e-05,8.43585462835238e-05,2.06553537513739e-05
0.000283503201496975,4.64432541182707e-05,0.000340804327565666,0.000300243420601516,1.81261200357421e-05,0.000151105396738953,1.99290952254611e-05,2.30802527367031e-05,8.9436944873364e-05,2.09084357626466e-05
0.00027978026867533,4.72123447867744e-05,0.000345641160689765,0.000301662870882129,1.81811726931033e-05,0.000152561994915284,1.99143656300166e-05,2.35536263906919e-05,8.55319670076258e-05,2.08718752716079e-05
0.000275223605319717,4.6609749110153e-05,0.000346263915405276,0.000308291776465087,1.81751151696257e-05,0.000160635695899086,1.9738795425462e-05,2.36166749602418e-05,8.63753838822774e-05,2.08496471317242e-05
0.000294270426077604,4.7525595340125e-05,0.000349620725263959,0.000304307638543163,1.83168637031691e-05,0.000158278098982248,2.04295886387949e-05,2.3292192837183e-05,8.79661450190718e-05,2.08453877585493e-05
0.000287855480739254,4.79719442444808e-05,0.000343927727147774,0.00031740932899715,1.82305482711912e-05,0.000157142142200225,1.99998980716138e-05,2.3122882899904e-05,8.80523307014744e-05,2.09606888157896e-05
0.000273328863800252,4.68902220668108e-05,0.000339046905024007,0.000317671449104833,1.80700387692408e-05,0.000149871753267888,2.05663703538966e-05,2.31021578658688e-05,8.9200841134677e-05,2.0918003536505e-05
0.000272581132348355,4.67136119087101e-05,0.000337179436851629,0.000309109711495786,1.82277475406344e-05,0.000156225578403178,2.00118546282378e-05,2.35123994870643e-05,8.88005263323856e-05,2.06273939529336e-05
0.000290453069495903,4.60517690467859e-05,0.000351392456040255,0.000307863445680323,1.82394510837939e-05,0.000157587517368376,1.99624697783021e-05,2.32304789393058e-05,8.64404641768731e-05,2.10235537995938e-05
0.000274586917514561,4.74909957327609e-05,0.000337172648942598,0.000305728906855697,1.82223662117879e-05,0.000154850946618602,1.96621711346879e-05,2.37480053192896e-05,8.77880785294523e-05,2.08289738625332e-05
0.000286485608566865,4.67704184196531e-05,0.000341291586078585,0.000309432167114082,1.81449904770332e-05,0.000156496708760652,1.96418833368599e-05,2.30149716773555e-05,8.51618819152389e-05,2.07584628701237e-05
0.000274239249045666,4.61713946395555e-05,0.000340598621301398,0.000304585705214911,1.83178857166768e-05,0.000157576828664751,2.00364991686328e-05,2.3300263160682e-05,8.9574720094133e-05,2.09709977148443e-05
0.000290737382246337,4.70739972095763e-05,0.000338969532411906,0.000304141594899351,1.82441715956417e-05,0.000160869724158793,2.05771683943837e-05,2.37634889527458e-05,8.90642696728053e-05,2.06005063097604e-05
0.000280138067916468,4.64487249541936e-05,0.000350834577635159,0.000309704922991513,1.81061956168596e-05,0.000151887054006618,1.96563933706848e-05,2.31345747043845e-05,8.89440302308815e-05,2.0705855498608e-05
0.000281533556354721,4.62511991542713e-05,0.000339887787194494,0.000302394817071265,1.83007426570413e-05,0.000152986371486947,1.9936500945353e-05,2.35217750221041e-05,8.93958486066383e-05,2.10469375603219e-05
0.000283048675187157,4.64815210774972e-05,0.000341667284042007,0.000305348674905877,1.81215702157836e-05,0.000158403476764481,2.04972413066249e-05,2.31015369337977e-05,8.531645438664e-05,2.10514695817402e-05
0.000276691672908254,4.65494625338156e-05,0.000340437608361403,0.000300135597872276,1.82425869098087e-05,0.000157214374575228,1.98351540991003e-05,2.3041729297034e-05,8.88233718377308e-05,2.0972932170834e-05
0.000284189725518544,4.68680071381977e-05,0.000344117251115794,0.000316579906810494,1.81011079716729e-05,0.000149843572187866,1.97718848130839e-05,2.3605584290567e-05,8.66694750058017e-05,2.06407743221187e-05
0.000277351513477026,4.80283638831142e-05,0.000337854657640485,0.000305781640728612,1.80682590333245e-05,0.000155881212534058,2.02607339043757e-05,2.36727567069126e-05,8.61866557724936e-05,2.10490233147397e-05
0.000284205550182507,4.75100741406841e-05,0.000343876747997273,0.000311305728335918,1.82632790860423e-05,0.000157591337236971,2.04126805219142e-05,2.33725638964519e-05,8.70167895982267e-05,2.07886958333245e-05
0.000292121180779306,4.64289257386131e-05,0.000351332381289309,0.000301652150397608,1.82212414250529e-05,0.000158732557773673,1.96675525962072e-05,2.36850686984263e-05,8.42399149060024e-05,2.06343774653896e-05
0.000288155064862261,4.62489672768432e-05,0.000350665789116641,0.000315881700617575,1.81498857230372e-05,0.000155481381678675,1.97335071622724e-05,2.32597337300421e-05,8.6276394901413e-05,2.08039618093383e-05
0.000288865498404418,4.73870624556451e-05,0.000351056897642549,0.000300013286975653,1.80824429218182e-05,0.000154815799764398,2.03597805963581e-05,2.37222018876945e-05,8.94202387563622e-05,2.10049746975678e-05
0.000293379894293798,4.67101812018285e-05,0.000339084863778215,0.00031150805351896,1.83282653426283e-05,0.000155436300972258,1.97534443913634e-05,2.33752212799433e-05,8.71850819040808e-05,2.06468500672511e-05
0.0002872101594715,4.81717873328119e-05,0.000346554313130055,0.000303395466537785,1.81753157384911e-05,0.000151193515669022,2.00383683582159e-05,2.32635894400842e-05,8.53636452118269e-05,2.07052258670538e-05
0.000277757460619667,5.33387258408938e-05,0.000579937455910583,0.00179465813434218,3.85307613869039e-05,0.000256090510495813,2.4998785852841e-05,3.19439940851332e-05,0.000115748161304297,0.00482974491327365
0.000288855111351741,4.76029665070337e-05,0.000340038684049382,0.000300552270942502,1.82062758709217e-05,0.000151239297079908,1.99933319566615e-05,2.37244320018572e-05,8.68784630790996e-05,2.08060682465451e-05
0.000273384206098723,4.72044334716878e-05,0.000341953764211482,0.000308566653648765,1.8146288996747e-05,0.000158556381157642,1.98409961400717e-05,2.35096016438208e-05,8.42434716771784e-05,2.10530286407056e-05
0.000286808039952146,4.80427145258763e-05,0.000351534066646372,0.000318606517300012,1.82043453544713e-05,0.000149878456496632,1.96638223586212e-05,2.33249837530215e-05,8.83657884252961e-05,2.06652250818342e-05
0.000279371960742225,4.63360348179871e-05,0.000344990889514465,0.000301677051900359,1.82640854584502e-05,0.000150344023665274,1.97237384101278e-05,2.30559891648375e-05,8.4279637238049e-05,2.08514620191401e-05
0.000273287173397568,4.5921931590218e-05,0.000350811409018247,0.000304793298387882,1.81378168396286e-05,0.000151454719341578,2.01981514150623e-05,2.33713671532835e-05,8.54663925708655e-05,2.07823596928265e-05
0.000276893589994768,4.64940377666991e-05,0.000341203127992824,0.000300303487686201,1.81245682155775e-05,0.000158295650541426,2.0243585194611e-05,2.34012256355759e-05,8.92685642500013e-05,2.07924120275044e-05
0.000293274026290878,4.71291798046951e-05,0.00034374043237469,0.000303995930709678,1.82214743797256e-05,0.000152717186765845,1.97693977346661e-05,2.31123349057002e-05,8.51392770828681e-05,2.07203376758358e-05
0.000287340143702271,4.69256747412972e-05,0.000342326139845529,0.000316608555114048,1.81605963799424e-05,0.000149624614923237,1.9655963020232e-05,2.34677523012e-05,8.81777541877082e-05,2.05724320156381e-05
0.000274611792950824,4.61717030302788e-05,0.00034341870844389,0.000306775676340423,1.83129667459279e-05,0.000158822500101079,1.9869574507645e-05,2.3519502851463e-05,8.69541526884522e-05,2.10397748544358e-05
0.000305600338716208,0.000134885391042308,0.000439110961682371,0.000313771855468268,2.60568886776575e-05,0.000154101625464889,2.21324073270181e-05,2.73869979931233e-05,0.000389193312074558,2.07991076863594e-05
0.000279242225994851,4.64117669865544e-05,0.000349792641926972,0.000299907585634175,1.81478173265992e-05,0.000149700700231734,1.99274860515668e-05,2.35231957200859e-05,8.51009257179028e-05,2.09744763079745e-05
0.000286900598084812,4.72703275593664e-05,0.000340184626022651,0.000315727516099642,1.81489019381743e-05,0.000159117618856461,1.97110117402797e-05,2.36365566007707e-05,8.63467848036277e-05,2.10986869836534e-05
0.000288290451063517,4.68916746815349e-05,0.000345260414746751,0.000309305344987914,1.82241292208627e-05,0.000158575447274133,2.06800341024017e-05,2.29949207030004e-05,8.71821059057121e-05,2.08157815335975e-05
0.000276304094145054,4.72813441488697e-05,0.000347721498827233,0.000318100506367059,1.82495433858765e-05,0.000154960834672362,1.99248534330779e-05,2.35625083087989e-05,8.92121860412824e-05,2.09275535438385e-05
0.000291728248676342,4.70539455513582e-05,0.000343784859013182,0.000307144969929622,1.81300649492013e-05,0.000151282229174526,2.03266787550281e-05,2.36041446470724e-05,8.94797571617164e-05,2.06360242963647e-05
0.000283359581165025,4.6008151048767e-05,0.000341315250039798,0.000305782802577704,1.81662244155541e-05,0.000155335728073506,2.00199685929751e-05,2.34893382066751e-05,8.80071988523435e-05,2.1012977245129e-05
0.000294189263594356,4.64045427486589e-05,0.000346260817913054,0.000305739192281413,1.81205108703721e-05,0.000151005787328362,1.96960461126312e-05,2.36514232002375e-05,8.56631883564575e-05,2.05788738551357e-05
0.000291088811144915,4.64296117559145e-05,0.000344079086823008,0.000302867825791472,1.82979017619912e-05,0.000149517294090389,2.0402081551386e-05,2.32137508060516e-05,8.7800286138837e-05,2.0734357912892e-05
0.00028016970512785,4.74509098538303e-05,0.000349568097955027,0.000315774290394278,1.82057729949399e-05,0.00015476492572145,2.00192748699928e-05,2.35754124980198e-05,8.57035604545771e-05,2.1082891316929e-05
0.000293243635775753,4.68516595286091e-05,0.000345957982860645,0.000306021793465621,1.81510641370815e-05,0.000159986562220556,2.02831082618984e-05,2.305491561611e-05,8.98054647098919e-05,2.09436099263283e-05
0.000286655270015384,4.77949685120882e-05,0.000349603675684781,0.000302871978060616,1.83128908028872e-05,0.0001587264681563,2.05468864397275e-05,2.36261458321809e-05,8.89396677258206e-05,2.06327404478849e-05
0.000284579551734644,4.59270939862869e-05,0.000346441077115005,0.000313374820628733,1.83232335618589e-05,0.000154863603394699,2.01765361023764e-05,2.34489944652122e-05,8.48149099218613e-05,2.09558036360873e-05
0.00029099659323594,4.59933577882862e-05,0.00034832898655744,0.000306400711871244,1.82783416536973e-05,0.00015706051295327,2.00928369502601e-05,2.36148455732865e-05,8.44291397716431e-05,2.08037168222831e-05
0.000286613990777789,4.66784278850296e-05,0.000345004017075883,0.000307472894845081,1.8241901948942e-05,0.00015089583499783,2.00803586160901e-05,2.31596213516068e-05,8.54266670477818e-05,2.07432150799274e-05
0.000283782857615807,4.75142876745663e-05,0.000346626409687799,0.000308966027909451,1.82197051490826e-05,0.000157611610471283,2.02679728598387e-05,2.32809099970749e-05,8.98571222762687e-05,2.07978133597738e-05
0.00028863642777592,4.63827906571299e-05,0.000350384752521718,0.000306857447485232,1.81249873006849e-05,0.000153309773188473,1.97420315426556e-05,2.37051881835998e-05,8.9589277786057e-05,2.06047039447901e-05
0.000281844598559312,4.59236551753452e-05,0.000338977740599524,0.000304050377591199,1.82327592730166e-05,0.000157382015205159,1.97179998656349e-05,2.3245277635376e-05,8.52330699833282e-05,2.07100488550773e-05
0.000276770204003451,4.69482376363838e-05,0.000348891561433314,0.000317198061439951,1.83238306601773e-05,0.000158061335330588,2.0585480326572e-05,2.32003979095254e-05,8.81483380774765e-05,2.08390676748783e-05
0.000276530650404831,4.71342095804801e-05,0.000347244199541543,0.000312783939527058,1.81344772455165e-05,0.000158572086885208,2.03317090623057e-05,2.30114663370197e-05,8.56000651315232e-05,2.06160469039693e-05
0.000274020930432411,4.70506936382739e-05,0.000350017064505576,0.000301892302292895,1.82642115813611e-05,0.000152826650128179,2.05779011585827e-05,2.35306325980563e-05,8.43198789155413e-05,2.10611506215064e-05
0.00028813676955298,4.60713604664294e-05,0.00034172959930229,0.000307611259208968,1.81338060381985e-05,0.000149773987766108,2.01216202987656e-05,2.30035780171435e-05,8.6022763740208e-05,2.10721265291767e-05
0.000287682647188608,4.66469100152851e-05,0.00034296566313555,0.000314479767693707,1.81638214803809e-05,0.000152350841606662,2.06396654625976e-05,2.29943761325449e-05,8.60216318978934e-05,2.07340519463208e-05
0.000291228365253582,4.66940390185738e-05,0.000343326089775328,0.000308031874272109,1.80624468705467e-05,0.000155947303265387,2.00673738105533e-05,2.34981917821541e-05,8.85217195491628e-05,2.07458806059461e-05
0.000281189861869269,4.64782985968774e-05,0.000340231311820499,0.000300102150749997,1.82915669881746e-05,0.000160463948144056,1.99287534800856e-05,2.35565590358643e-05,8.88499462066666e-05,2.0641817034346e-05
0.000274058638649212,4.81610582661986e-05,0.00034503327608656,0.000303851144869336,1.81102481236414e-05,0.000158273371895782,2.06594661209315e-05,2.30856795141549e-05,8.91012793006659e-05,2.07781428738724e-05
0.000290239849350473,4.62665448317371e-05,0.000342289297243499,0.000315548144383655,1.83272674654455e-05,0.000160866587446466,1.98821699639819e-05,2.37608104208241e-05,8.98414225299702e-05,2.08957827752878e-05
0.000294126613848339,4.71725003596689e-05,0.000345935650032153,0.000316995488469441,1.82689498201174e-05,0.000153738365723747,2.01405924508712e-05,2.3462778179209e-05,8.94345593615374e-05,2.0637901594759e-05
0.000277726303054922,4.69040186210354e-05,0.000347400999714736,0.000316149844813925,1.82574953767158e-05,0.000155774805848847,2.05564001450329e-05,2.37401398149819e-05,8.43281181515885e-05,2.07427827390593e-05
0.000273683747128709,4.66535368269553e-05,0.000345122812132284,0.00030779673859817,1.83131212424022e-05,0.000157750537637871,2.05425082576267e-05,2.35802708117806e-05,8.81307588415097e-05,2.10407287956323e-05
0.000276256799777714,4.6708908298138e-05,0.000340718942638194,0.000308547449659935,1.82662040154628e-05,0.000156478244658147,2.05169651290308e-05,2.31578241292288e-05,8.79364147072313e-05,2.10533927275998e-05
0.000278056297518371,4.65463754694641e-05,0.000348788170481062,0.000308854632661207,1.82674288733332e-05,0.000151277456529035,1.99562895809236e-05,2.33287622928312e-05,8.91185257651483e-05,2.06939704867144e-05
0.000284623849033987,4.60087363402318e-05,0.000343564165550811,0.000317990299968904,1.81649652805854e-05,0.000158165631223042,2.0584746250758e-05,2.35312750767956e-05,8.46887896505848e-05,2.07857297471955e-05
0.000277876265068141,4.76571340192909e-05,0.000347377037206597,0.000312203144291498,1.82384210335895e-05,0.000153105124791143,2.05159280607579e-05,2.327543364614e-05,8.56908051394716e-05,2.05983019217319e-05
0.000274722807360314,4.59417630310473e-05,0.000348072867850184,0.000315889623837585,1.81432678683767e-05,0.000155511203769466,2.0339630102536e-05,2.36195561638543e-05,8.86843848961082e-05,2.08444277833204e-05
0.00029453938559529,4.74345515858164e-05,0.000337797163362507,0.000310221798922014,1.82702528242695e-05,0.000150679801166245,1.98509170451574e-05,2.3542046488741e-05,8.8666977568159e-05,2.08300487030147e-05
0.000280288691623923,4.7059963918558e-05,0.000344163010766261,0.000311591783168116,1.8178987243337e-05,0.000150584950155864,1.97125128430085e-05,2.32762208701081e-05,8.83248776053647e-05,2.09708463798204e-05
0.000287076762847344,4.7430957939812e-05,0.000339936973346472,0.000305386616144235,1.82056013848723e-05,0.000155399221496005,2.00374498865901e-05,2.31946509846696e-05,8.7548240272312e-05,2.10751123966232e-05
0.000273400590261486,4.61914076924253e-05,0.000341059522050513,0.000301082252305079,1.81810280858315e-05,0.000156759282296051,2.04334047440568e-05,2.3322514216108e-05,8.67120560039163e-05,2.07281737319925e-05
0.000278909425327676,4.73177994341693e-05,0.000339904689702442,0.000303849636887534,1.82140319814777e-05,0.000151066414134399,2.0329695685574e-05,2.34596094116078e-05,8.5126649141295e-05,2.08723833330837e-05
0.000280507815025086,4.74500684220151e-05,0.00035079140286542,0.000305356469413801,1.81804480303444e-05,0.000157535350597001,1.99613188724673e-05,2.33687279830891e-05,8.49358792318366e-05,2.09160206168735e-05
0.000274014899825694,4.66023043465692e-05,0.000345935838262199,0.000301880148065405,1.8251756159592e-05,0.000156553721799695,1.9892666035427e-05,2.36228239294413e-05,8.71702362403347e-05,2.08006766213554e-05
0.000305878422849442,5.21212667390243e-05,0.00130800848985006,0.000813562544387297,2.43737689527668e-05,0.000238942054366953,2.50456966397199e-05,3.1565501842086e-05,0.000192944742939239,0.00199679329065715
0.00027626961007312,4.71438656558636e-05,0.000338910325841734,0.000304466299469703,1.81056390949029e-05,0.000157204178166803,1.97929205747141e-05,2.33426269905531e-05,8.8312452639343e-05,2.09640489968895e-05
0.000351703105036196,0.00850910190297867,0.000386205495952562,0.000417647796743117,2.38299504950729e-05,0.000244183342391309,2.12310105715172e-05,2.6196950932819e-05,0.000154374539441644,2.22934212323652e-05
0.000289995850275724,4.70348909987612e-05,0.000351350119231575,0.000307736975519396,1.82328379142794e-05,0.000158927005320199,1.9882319904414e-05,2.30330339001131e-05,8.79373480896247e-05,2.07419249696988e-05
0.000284299739169279,4.78701439131327e-05,0.000346486497101207,0.000300786962039669,1.80817197254755e-05,0.000154144059039172,2.06538592614594e-05,2.31321164228182e-05,8.78985222577512e-05,2.06083051988519e-05
0.000287363327344727,4.57405000203502e-05,0.000363035053965252,0.0204062185879792,1.7783383786779e-05,0.000158599971782931,2.04410318464946e-05,2.24273223035265e-05,8.54236596173222e-05,2.25603220967193e-05
0.000294250110272292,4.78599735099259e-05,0.00034789904072052,0.0003147731981059,1.82095876062442e-05,0.000155127931253886,1.98778017795183e-05,2.37353920542217e-05,8.74457297579056e-05,2.07451253012492e-05
0.000283596660517252,4.70176082886382e-05,0.000337222258934696,0.000309554301612237,1.82054026655677e-05,0.000153097932085919,1.96505347788029e-05,2.31767002460071e-05,8.61991322216038e-05,2.08395877661623e-05
0.00027255049275886,4.75411654597137e-05,0.00034174475169318,0.000313951087533084,1.81849008267322e-05,0.000151929937893971,2.04068314277689e-05,2.34179364691678e-05,8.54140170822125e-05,2.05739109942394e-05
0.000285639912741264,4.66791422405495e-05,0.000344754612274075,0.000310883021367238,1.81925803815325e-05,0.000158985906820899,2.04203109569628e-05,2.37608631625709e-05,8.58357598606464e-05,2.10128746844348e-05
0.000282948449852346,4.71863645480395e-05,0.000346250693459581,0.000300980673993033,1.81823386875117e-05,0.000149733664879815,1.964793541515e-05,2.3695730432203e-05,8.53670489901108e-05,2.09967967099339e-05
0.000275640665979678,4.74082015930028e-05,0.000347944149024388,0.00030801113973779,1.80578266448839e-05,0.000159346163504748,2.01808148931599e-05,2.319850715369e-05,8.54551351015331e-05,2.09429826250094e-05
0.000281653633432008,4.61477170952621e-05,0.000341816337300947,0.000315832749538178,1.80866340173441e-05,0.000158431755398536,2.01015707273128e-05,2.35908375018626e-05,8.45844285420433e-05,2.10897972396534e-05
